-0.511691
-0.511691
-1.02335
-1.02335
-1.53493
-1.53493
-2.04639
-2.04639
-2.55768
-2.55768
-3.06876
-3.06876
-3.57961
-3.57961
-4.09019
-4.09019
-4.60046
-4.60046
-5.1104
-5.1104
-5.61996
-5.61996
-6.12913
-6.12913
-6.63786
-6.63786
-7.14612
-7.14612
-7.65388
-7.65388
-8.16111
-8.16111
-8.66778
-8.66778
-9.17385
-9.17385
-9.67928
-9.67928
-10.1841
-10.1841
-10.6881
-10.6881
-11.1915
-11.1915
-11.6941
-11.6941
-12.1959
-12.1959
-12.6969
-12.6969
-13.197
-13.197
-13.6962
-13.6962
-14.1945
-14.1945
-14.6919
-14.6919
-15.1883
-15.1883
-15.6837
-15.6837
-16.178
-16.178
-16.6712
-16.6712
-17.1633
-17.1633
-17.6543
-17.6543
-18.1441
-18.1441
-18.6328
-18.6328
-19.1201
-19.1201
-19.6062
-19.6062
-20.0911
-20.0911
-20.5745
-20.5745
-21.0567
-21.0567
-21.5374
-21.5374
-22.0167
-22.0167
-22.4946
-22.4946
-22.9709
-22.9709
-23.4458
-23.4458
-23.9191
-23.9191
-24.3909
-24.3909
-24.861
-24.861
-25.3295
-25.3295
-25.7964
-25.7964
-26.2615
-26.2615
-26.7249
-26.7249
-27.1866
-27.1866
-27.6465
-27.6465
-28.1046
-28.1046
-28.5609
-28.5609
-29.0152
-29.0152
-29.4677
-29.4677
-29.9182
-29.9182
-30.3668
-30.3668
-30.8134
-30.8134
-31.258
-31.258
-31.7006
-31.7006
-32.1411
-32.1411
-32.5794
-32.5794
-33.0157
-33.0157
-33.4498
-33.4498
-33.8817
-33.8817
-34.3114
-34.3114
-34.7389
-34.7389
-35.1641
-35.1641
-35.587
-35.587
-36.0076
-36.0076
-36.4259
-36.4259
-36.8418
-36.8418
-37.2553
-37.2553
-37.6663
-37.6663
-38.075
-38.075
-38.4811
-38.4811
-38.8847
-38.8847
-39.2858
-39.2858
-39.6844
-39.6844
-40.0804
-40.0804
-40.4738
-40.4738
-40.8645
-40.8645
-41.2526
-41.2526
-41.638
-41.638
-42.0208
-42.0208
-42.4007
-42.4007
-42.778
-42.778
-43.1525
-43.1525
-43.5241
-43.5241
-43.893
-43.893
-44.259
-44.259
-44.6221
-44.6221
-44.9823
-44.9823
-45.3396
-45.3396
-45.694
-45.694
-46.0455
-46.0455
-46.3939
-46.3939
-46.7394
-46.7394
-47.0818
-47.0818
-47.4211
-47.4211
-47.7574
-47.7574
-48.0907
-48.0907
-48.4207
-48.4207
-48.7477
-48.7477
-49.0715
-49.0715
-49.3921
-49.3921
-49.7096
-49.7096
-50.0238
-50.0238
-50.3348
-50.3348
-50.6426
-50.6426
-50.947
-50.947
-51.2482
-51.2482
-51.5461
-51.5461
-51.8407
-51.8407
-52.1318
-52.1318
-52.4197
-52.4197
-52.7041
-52.7041
-52.9851
-52.9851
-53.2628
-53.2628
-53.5369
-53.5369
-53.8077
-53.8077
-54.0749
-54.0749
-54.3387
-54.3387
-54.599
-54.599
-54.8557
-54.8557
-55.1089
-55.1089
-55.3585
-55.3585
-55.6046
-55.6046
-55.8471
-55.8471
-56.086
-56.086
-56.3213
-56.3213
-56.5529
-56.5529
-56.7809
-56.7809
-57.0053
-57.0053
-57.2259
-57.2259
-57.4429
-57.4429
-57.6562
-57.6562
-57.8658
-57.8658
-58.0717
-58.0717
-58.2738
-58.2738
-58.4721
-58.4721
-58.6667
-58.6667
-58.8576
-58.8576
-59.0446
-59.0446
-59.2278
-59.2278
-59.4073
-59.4073
-59.5829
-59.5829
-59.7546
-59.7546
-59.9226
-59.9226
-60.0866
-60.0866
-60.2469
-60.2469
-60.4032
-60.4032
-60.5557
-60.5557
-60.7042
-60.7042
-60.8489
-60.8489
-60.9896
-60.9896
-61.1264
-61.1264
-61.2593
-61.2593
-61.3883
-61.3883
-61.5133
-61.5133
-61.6344
-61.6344
-61.7515
-61.7515
-61.8647
-61.8647
-61.9738
-61.9738
-62.079
-62.079
-62.1803
-62.1803
-62.2775
-62.2775
-62.3707
-62.3707
-62.4599
-62.4599
-62.5452
-62.5452
-62.6264
-62.6264
-62.7035
-62.7035
-62.7767
-62.7767
-62.8458
-62.8458
-62.9109
-62.9109
-62.972
-62.972
-63.029
-63.029
-63.082
-63.082
-63.131
-63.131
-63.1759
-63.1759
-63.2167
-63.2167
-63.2535
-63.2535
-63.2863
-63.2863
-63.3149
-63.3149
-63.3396
-63.3396
-63.3602
-63.3602
-63.3767
-63.3767
-63.3891
-63.3891
-63.3975
-63.3975
-63.4019
-63.4019
-63.4022
-63.4022
-63.3984
-63.3984
-63.3905
-63.3905
-63.3787
-63.3787
-63.3627
-63.3627
-63.3427
-63.3427
-63.3186
-63.3186
-63.2905
-63.2905
-63.2584
-63.2584
-63.2221
-63.2221
-63.1819
-63.1819
-63.1376
-63.1376
-63.0893
-63.0893
-63.0369
-63.0369
-62.9805
-62.9805
-62.9201
-62.9201
-62.8556
-62.8556
-62.7872
-62.7872
-62.7147
-62.7147
-62.6382
-62.6382
-62.5578
-62.5578
-62.4733
-62.4733
-62.3848
-62.3848
-62.2923
-62.2923
-62.1959
-62.1959
-62.0955
-62.0955
-61.9911
-61.9911
-61.8828
-61.8828
-61.7705
-61.7705
-61.6543
-61.6543
-61.5341
-61.5341
-61.41
-61.41
-61.282
-61.282
-61.1501
-61.1501
-61.0143
-61.0143
-60.8746
-60.8746
-60.731
-60.731
-60.5835
-60.5835
-60.4322
-60.4322
-60.277
-60.277
-60.118
-60.118
-59.9551
-59.9551
-59.7884
-59.7884
-59.6179
-59.6179
-59.4436
-59.4436
-59.2655
-59.2655
-59.0836
-59.0836
-58.898
-58.898
-58.7086
-58.7086
-58.5155
-58.5155
-58.3186
-58.3186
-58.1181
-58.1181
-57.9138
-57.9138
-57.7059
-57.7059
-57.4943
-57.4943
-57.279
-57.279
-57.0601
-57.0601
-56.8375
-56.8375
-56.6114
-56.6114
-56.3816
-56.3816
-56.1482
-56.1482
-55.9113
-55.9113
-55.6708
-55.6708
-55.4267
-55.4267
-55.1791
-55.1791
-54.928
-54.928
-54.6733
-54.6733
-54.4151
-54.4151
-54.1532
-54.1532
-53.8878
-53.8878
-53.6189
-53.6189
-53.3463
-53.3463
-53.0702
-53.0702
-52.7905
-52.7905
-52.5073
-52.5073
-52.2205
-52.2205
-51.9302
-51.9302
-51.6364
-51.6364
-51.3391
-51.3391
-51.0383
-51.0383
-50.7341
-50.7341
-50.4264
-50.4264
-50.1154
-50.1154
-49.8009
-49.8009
-49.483
-49.483
-49.1618
-49.1618
-48.8373
-48.8373
-48.5095
-48.5095
-48.1784
-48.1784
-47.8441
-47.8441
-47.5065
-47.5065
-47.1657
-47.1657
-46.8217
-46.8217
-46.4745
-46.4745
-46.1242
-46.1242
-45.7709
-45.7709
-45.4144
-45.4144
-45.0548
-45.0548
-44.6922
-44.6922
-44.3266
-44.3266
-43.958
-43.958
-43.5865
-43.5865
-43.212
-43.212
-42.8346
-42.8346
-42.4543
-42.4543
-42.0712
-42.0712
-41.6852
-41.6852
-41.2965
-41.2965
-40.905
-40.905
-40.5107
-40.5107
-40.1137
-40.1137
-39.7141
-39.7141
-39.3118
-39.3118
-38.9068
-38.9068
-38.4992
-38.4992
-38.0891
-38.0891
-37.6764
-37.6764
-37.2613
-37.2613
-36.8436
-36.8436
-36.4235
-36.4235
-36.0009
-36.0009
-35.5759
-35.5759
-35.1486
-35.1486
-34.719
-34.719
-34.287
-34.287
-33.8528
-33.8528
-33.4163
-33.4163
-32.9777
-32.9777
-32.5368
-32.5368
-32.0938
-32.0938
-31.6486
-31.6486
-31.2014
-31.2014
-30.7521
-30.7521
-30.3008
-30.3008
-29.8475
-29.8475
-29.3922
-29.3922
-28.935
-28.935
-28.4759
-28.4759
-28.0149
-28.0149
-27.5521
-27.5521
-27.0875
-27.0875
-26.6212
-26.6212
-26.153
-26.153
-25.6832
-25.6832
-25.2117
-25.2117
-24.7386
-24.7386
-24.2639
-24.2639
-23.7876
-23.7876
-23.3097
-23.3097
-22.8304
-22.8304
-22.3496
-22.3496
-21.8673
-21.8673
-21.3836
-21.3836
-20.8986
-20.8986
-20.4122
-20.4122
-19.9246
-19.9246
-19.4356
-19.4356
-18.9454
-18.9454
-18.4541
-18.4541
-17.9615
-17.9615
-17.4678
-17.4678
-16.973
-16.973
-16.4771
-16.4771
-15.9802
-15.9802
-15.4822
-15.4822
-14.9833
-14.9833
-14.4834
-14.4834
-13.9827
-13.9827
-13.481
-13.481
-12.9786
-12.9786
-12.4753
-12.4753
-11.9712
-11.9712
-11.4664
-11.4664
-10.961
-10.961
-10.4548
-10.4548
-9.948
-9.948
-9.44062
-9.44062
-8.93267
-8.93267
-8.42419
-8.42419
-7.91522
-7.91522
-7.40579
-7.40579
-6.89593
-6.89593
-6.38567
-6.38567
-5.87505
-5.87505
-5.36411
-5.36411
-4.85288
-4.85288
-4.34139
-4.34139
-3.82969
-3.82969
-3.31779
-3.31779
-2.80574
-2.80574
-2.29359
-2.29359
-1.78136
-1.78136
-1.26906
-1.26906
-0.75675
-0.75675
-0.244452
-0.244452
0.267793
0.267793
0.779957
0.779957
