-0.828548
-0.828548
-1.65286
-1.65286
-2.47279
-2.47279
-3.2882
-3.2882
-4.09901
-4.09901
-4.90511
-4.90511
-5.70644
-5.70644
-6.5029
-6.5029
-7.29444
-7.29444
-8.08096
-8.08096
-8.86244
-8.86244
-9.63876
-9.63876
-10.4099
-10.4099
-11.1758
-11.1758
-11.9364
-11.9364
-12.6917
-12.6917
-13.4415
-13.4415
-14.1859
-14.1859
-14.9249
-14.9249
-15.6583
-15.6583
-16.3861
-16.3861
-17.1084
-17.1084
-17.8249
-17.8249
-18.5359
-18.5359
-19.2411
-19.2411
-19.9406
-19.9406
-20.6343
-20.6343
-21.3223
-21.3223
-22.0044
-22.0044
-22.6807
-22.6807
-23.3512
-23.3512
-24.0158
-24.0158
-24.6745
-24.6745
-25.3274
-25.3274
-25.9743
-25.9743
-26.6153
-26.6153
-27.2504
-27.2504
-27.8796
-27.8796
-28.5028
-28.5028
-29.12
-29.12
-29.7313
-29.7313
-30.3367
-30.3367
-30.936
-30.936
-31.5294
-31.5294
-32.1169
-32.1169
-32.6983
-32.6983
-33.2738
-33.2738
-33.8433
-33.8433
-34.4069
-34.4069
-34.9645
-34.9645
-35.5161
-35.5161
-36.0618
-36.0618
-36.6016
-36.6016
-37.1354
-37.1354
-37.6633
-37.6633
-38.1852
-38.1852
-38.7012
-38.7012
-39.2114
-39.2114
-39.7156
-39.7156
-40.214
-40.214
-40.7064
-40.7064
-41.1931
-41.1931
-41.6738
-41.6738
-42.1487
-42.1487
-42.6178
-42.6178
-43.0811
-43.0811
-43.5386
-43.5386
-43.9903
-43.9903
-44.4363
-44.4363
-44.8765
-44.8765
-45.3109
-45.3109
-45.7396
-45.7396
-46.1626
-46.1626
-46.58
-46.58
-46.9917
-46.9917
-47.3977
-47.3977
-47.798
-47.798
-48.1928
-48.1928
-48.5819
-48.5819
-48.9655
-48.9655
-49.3435
-49.3435
-49.716
-49.716
-50.0829
-50.0829
-50.4444
-50.4444
-50.8003
-50.8003
-51.1508
-51.1508
-51.4958
-51.4958
-51.8354
-51.8354
-52.1696
-52.1696
-52.4984
-52.4984
-52.8219
-52.8219
-53.14
-53.14
-53.4527
-53.4527
-53.7602
-53.7602
-54.0624
-54.0624
-54.3593
-54.3593
-54.651
-54.651
-54.9375
-54.9375
-55.2187
-55.2187
-55.4948
-55.4948
-55.7658
-55.7658
-56.0316
-56.0316
-56.2923
-56.2923
-56.5479
-56.5479
-56.7984
-56.7984
-57.0439
-57.0439
-57.2844
-57.2844
-57.5198
-57.5198
-57.7503
-57.7503
-57.9758
-57.9758
-58.1964
-58.1964
-58.4121
-58.4121
-58.6229
-58.6229
-58.8288
-58.8288
-59.0298
-59.0298
-59.226
-59.226
-59.4174
-59.4174
-59.604
-59.604
-59.7859
-59.7859
-59.963
-59.963
-60.1354
-60.1354
-60.3031
-60.3031
-60.4661
-60.4661
-60.6245
-60.6245
-60.7782
-60.7782
-60.9274
-60.9274
-61.0719
-61.0719
-61.2118
-61.2118
-61.3473
-61.3473
-61.4781
-61.4781
-61.6045
-61.6045
-61.7264
-61.7264
-61.8439
-61.8439
-61.9568
-61.9568
-62.0654
-62.0654
-62.1696
-62.1696
-62.2694
-62.2694
-62.3648
-62.3648
-62.4559
-62.4559
-62.5427
-62.5427
-62.6252
-62.6252
-62.7034
-62.7034
-62.7774
-62.7774
-62.8471
-62.8471
-62.9126
-62.9126
-62.9739
-62.9739
-63.0311
-63.0311
-63.0841
-63.0841
-63.1329
-63.1329
-63.1777
-63.1777
-63.2183
-63.2183
-63.2549
-63.2549
-63.2874
-63.2874
-63.3159
-63.3159
-63.3404
-63.3404
-63.3609
-63.3609
-63.3773
-63.3773
-63.3899
-63.3899
-63.3985
-63.3985
-63.4032
-63.4032
-63.404
-63.404
-63.4009
-63.4009
-63.394
-63.394
-63.3832
-63.3832
-63.3686
-63.3686
-63.3502
-63.3502
-63.328
-63.328
-63.302
-63.302
-63.2723
-63.2723
-63.2388
-63.2388
-63.2016
-63.2016
-63.1608
-63.1608
-63.1162
-63.1162
-63.068
-63.068
-63.0161
-63.0161
-62.9607
-62.9607
-62.9016
-62.9016
-62.8389
-62.8389
-62.7727
-62.7727
-62.7028
-62.7028
-62.6295
-62.6295
-62.5526
-62.5526
-62.4722
-62.4722
-62.3883
-62.3883
-62.301
-62.301
-62.2102
-62.2102
-62.1159
-62.1159
-62.0182
-62.0182
-61.9171
-61.9171
-61.8126
-61.8126
-61.7048
-61.7048
-61.5936
-61.5936
-61.479
-61.479
-61.3611
-61.3611
-61.2398
-61.2398
-61.1153
-61.1153
-60.9875
-60.9875
-60.8564
-60.8564
-60.7221
-60.7221
-60.5845
-60.5845
-60.4437
-60.4437
-60.2997
-60.2997
-60.1524
-60.1524
-60.0021
-60.0021
-59.8485
-59.8485
-59.6918
-59.6918
-59.532
-59.532
-59.369
-59.369
-59.2029
-59.2029
-59.0337
-59.0337
-58.8615
-58.8615
-58.6861
-58.6861
-58.5078
-58.5078
-58.3263
-58.3263
-58.1419
-58.1419
-57.9544
-57.9544
-57.7639
-57.7639
-57.5705
-57.5705
-57.3741
-57.3741
-57.1746
-57.1746
-56.9723
-56.9723
-56.767
-56.767
-56.5587
-56.5587
-56.3476
-56.3476
-56.1335
-56.1335
-55.9165
-55.9165
-55.6965
-55.6965
-55.4738
-55.4738
-55.2481
-55.2481
-55.0196
-55.0196
-54.7881
-54.7881
-54.5537
-54.5537
-54.3165
-54.3165
-54.0763
-54.0763
-53.8332
-53.8332
-53.5872
-53.5872
-53.3383
-53.3383
-53.0865
-53.0865
-52.8318
-52.8318
-52.5741
-52.5741
-52.3136
-52.3136
-52.0502
-52.0502
-51.7839
-51.7839
-51.5148
-51.5148
-51.2428
-51.2428
-50.968
-50.968
-50.6903
-50.6903
-50.4098
-50.4098
-50.1265
-50.1265
-49.8404
-49.8404
-49.5514
-49.5514
-49.2597
-49.2597
-48.9653
-48.9653
-48.6681
-48.6681
-48.3681
-48.3681
-48.0653
-48.0653
-47.7599
-47.7599
-47.4517
-47.4517
-47.1409
-47.1409
-46.8273
-46.8273
-46.511
-46.511
-46.1921
-46.1921
-45.8705
-45.8705
-45.5462
-45.5462
-45.2193
-45.2193
-44.8898
-44.8898
-44.5576
-44.5576
-44.2228
-44.2228
-43.8854
-43.8854
-43.5453
-43.5453
-43.2027
-43.2027
-42.8575
-42.8575
-42.5097
-42.5097
-42.1594
-42.1594
-41.8065
-41.8065
-41.4511
-41.4511
-41.0931
-41.0931
-40.7326
-40.7326
-40.3695
-40.3695
-40.004
-40.004
-39.636
-39.636
-39.2654
-39.2654
-38.8924
-38.8924
-38.5169
-38.5169
-38.139
-38.139
-37.7585
-37.7585
-37.3757
-37.3757
-36.9903
-36.9903
-36.6026
-36.6026
-36.2124
-36.2124
-35.8198
-35.8198
-35.4248
-35.4248
-35.0274
-35.0274
-34.6276
-34.6276
-34.2255
-34.2255
-33.8209
-33.8209
-33.414
-33.414
-33.0047
-33.0047
-32.5931
-32.5931
-32.1791
-32.1791
-31.7628
-31.7628
-31.3441
-31.3441
-30.9232
-30.9232
-30.4999
-30.4999
-30.0743
-30.0743
-29.6464
-29.6464
-29.2162
-29.2162
-28.7837
-28.7837
-28.349
-28.349
-27.912
-27.912
-27.4727
-27.4727
-27.0312
-27.0312
-26.5875
-26.5875
-26.1415
-26.1415
-25.6932
-25.6932
-25.2427
-25.2427
-24.7901
-24.7901
-24.3352
-24.3352
-23.8781
-23.8781
-23.4188
-23.4188
-22.9573
-22.9573
-22.4937
-22.4937
-22.0279
-22.0279
-21.5599
-21.5599
-21.0897
-21.0897
-20.6175
-20.6175
-20.143
-20.143
-19.6665
-19.6665
-19.1878
-19.1878
-18.707
-18.707
-18.2241
-18.2241
-17.7391
-17.7391
-17.252
-17.252
-16.7629
-16.7629
-16.2716
-16.2716
-15.7783
-15.7783
-15.2829
-15.2829
-14.7854
-14.7854
-14.286
-14.286
-13.7851
-13.7851
-13.2828
-13.2828
-12.7792
-12.7792
-12.2743
-12.2743
-11.7684
-11.7684
-11.2616
-11.2616
-10.7539
-10.7539
-10.2457
-10.2457
-9.73679
-9.73679
-9.22745
-9.22745
-8.71761
-8.71761
-8.20749
-8.20749
-7.69727
-7.69727
-7.18689
-7.18689
-6.67641
-6.67641
-6.1658
-6.1658
-5.65503
-5.65503
-5.14412
-5.14412
-4.63304
-4.63304
-4.12175
-4.12175
-3.61021
-3.61021
-3.09841
-3.09841
-2.58627
-2.58627
-2.0738
-2.0738
-1.56093
-1.56093
-1.04768
-1.04768
-0.533892
-0.533892
-0.0196638
-0.0196638
0.494999
0.494999
1.00947
1.00947
