77554.4
77687.4
77848.3
78007.3
78169.9
78334
78500.4
78667.6
78835.7
79004.1
79172
79340.4
79508.6
79677.1
79845.8
80014.9
80184.1
80353.1
80522
80690.9
80860.4
81030.5
81200.7
81370.2
81540
81709.4
81879.3
82049.3
82218.6
82388.3
82558.4
82728
82897
83066.3
83235.8
83405
83574.1
83743.5
83912.2
84081.1
84250.1
84418.6
84586.7
84755.1
84923
85090.2
85257.6
85424.6
85591.7
85758
85924.4
86090.3
86256.6
86422.4
86587.9
86752.1
86917
87081.1
87244.5
87407.2
87570.3
87732.7
87894.7
88055.8
88216.5
88376.7
88536.4
88696.4
88855.5
89014.6
89172.8
89330.4
89487
89642.6
89797.4
89952.7
90107.4
90260.9
90413.6
90566
90717.8
90868.9
91018.8
91167.8
91315.9
91464.1
91611.6
91758.1
91903.5
92048.4
92193.3
92336.8
92478.7
92619.4
92759.3
92899.1
93038.3
93177
93314.5
93450.7
93585
93718.5
93851.9
93983.7
94115.4
94245.8
94374.4
94501.9
94629.5
94756.3
94881.6
95005.6
95128.2
95249.8
95370.1
95489.2
95607.7
95725.4
95841
95955.6
96069
96180.4
96292
96402.1
96511.2
96618.8
96725
96829.1
96932.8
97035
97136.5
97237.1
97336.1
97433.2
97528.5
97622.7
97714.9
97806.4
97897
97985.9
98074.3
98160.7
98245.5
98329
98411.1
98492.5
98571.8
98648.8
98724.4
98799
98872
98943.2
99013.9
99082.9
99150.5
99216
99280.2
99343.2
99403.7
99462.5
99521.6
99578.5
99633.9
99688.2
99739.9
99790.5
99839.5
99886.7
99932.2
99975.7
100018
100059
100097
100135
100171
100206
100239
100270
100300
100328
100354
100378
100401
100423
100443
100460
100476
100491
100495
100499
100502
100507
100512
100516
100519
100521
100521
100521
100520
100515
100509
100500
100488
100473
100467
100448
100438
100414
100402
100374
100359
100327
100310
100273
100254
100213
100189
100147
100122
100075
100045
99998.7
99963.4
99913.8
99874.9
99830
99785.1
99735.6
99684.5
99631.3
99576.3
99519
99461.2
99400.2
99339.7
99279.3
99216.2
99151.7
99083.5
99005.9
98946.7
98842.6
98805.2
98705.3
98655.6
98552.9
98493.9
98408.2
98321.7
98248.3
98153.6
98094.8
97973.2
97919.7
97815.2
97800.6
97767.6
97705.1
97875.7
98005.4
98345.4
98701.2
99194.3
99717.1
100350
100975
101625
102289
103057
103849
104596
105341
106045
106720
107466
108218
108957
109677
110359
111078
111784
112473
113163
113834
114492
115150
115792
116407
117059
117713
118340
118934
119495
120071
120648
121215
121788
122339
122872
123369
123892
124399
124856
125329
125795
126234
126723
127162
127603
128001
128408
128779
129160
129517
129885
130212
130561
130853
131182
131475
131786
132040
132331
132576
132848
133054
133304
133495
133720
133875
134106
134230
134430
134530
134705
134800
134953
135018
135148
135191
135257
135335
135367
135430
135421
135462
135428
135450
135434
135428
135324
135289
135280
135260
135286
135225
135190
135078
135056
134940
134898
134809
134733
134528
134456
134331
134227
134058
133962
133724
133630
133386
133228
133078
132864
132716
132453
132318
132037
131893
131586
131442
131092
130858
130597
130401
130111
129906
129574
129393
129020
128841
