5.74686e-06
5.74273e-06
5.73875e-06
5.73478e-06
5.73082e-06
5.72686e-06
5.72292e-06
5.7187e-06
5.71477e-06
5.71056e-06
5.70637e-06
5.70218e-06
5.69801e-06
5.69384e-06
5.68968e-06
5.68581e-06
5.68195e-06
5.6781e-06
5.67425e-06
5.67014e-06
5.66602e-06
5.66193e-06
5.65783e-06
5.65376e-06
5.64995e-06
5.64617e-06
5.6424e-06
5.63862e-06
5.63485e-06
5.63111e-06
5.62735e-06
5.62335e-06
5.61933e-06
5.61562e-06
5.6119e-06
5.60819e-06
5.60421e-06
5.60025e-06
5.59656e-06
5.59289e-06
5.58922e-06
5.58529e-06
5.58163e-06
5.57799e-06
5.57409e-06
5.57017e-06
5.56657e-06
5.56294e-06
5.55906e-06
5.55548e-06
5.55188e-06
5.54803e-06
5.54444e-06
5.54061e-06
5.53677e-06
5.53324e-06
5.5294e-06
5.52589e-06
5.52207e-06
5.51827e-06
5.51451e-06
5.5107e-06
5.50722e-06
5.50346e-06
5.49998e-06
5.49625e-06
5.49249e-06
5.48904e-06
5.48529e-06
5.48161e-06
5.47817e-06
5.47447e-06
5.47075e-06
5.4671e-06
5.4634e-06
5.46002e-06
5.45633e-06
5.45271e-06
5.44904e-06
5.44541e-06
5.44175e-06
5.43816e-06
5.43453e-06
5.43121e-06
5.42757e-06
5.42401e-06
5.42042e-06
5.41684e-06
5.41352e-06
5.40997e-06
5.40644e-06
5.40284e-06
5.39931e-06
5.39577e-06
5.39225e-06
5.38876e-06
5.38521e-06
5.38175e-06
5.37822e-06
5.37473e-06
5.37123e-06
5.36779e-06
5.36429e-06
5.36058e-06
5.35711e-06
5.3537e-06
5.35022e-06
5.34683e-06
5.34338e-06
5.33997e-06
5.33625e-06
5.3329e-06
5.32948e-06
5.3261e-06
5.32242e-06
5.31909e-06
5.3157e-06
5.31234e-06
5.30898e-06
5.30566e-06
5.30204e-06
5.29873e-06
5.29534e-06
5.29208e-06
5.28874e-06
5.2852e-06
5.28185e-06
5.2786e-06
5.27505e-06
5.27151e-06
5.26795e-06
5.26449e-06
5.26117e-06
5.25794e-06
5.25468e-06
5.25148e-06
5.24824e-06
5.24502e-06
5.24183e-06
5.23859e-06
5.23539e-06
5.23218e-06
5.22875e-06
5.22527e-06
5.22187e-06
5.21843e-06
5.21528e-06
5.21209e-06
5.20899e-06
5.20583e-06
5.20269e-06
5.19958e-06
5.19618e-06
5.19282e-06
5.18942e-06
5.18637e-06
5.18323e-06
5.18018e-06
5.17681e-06
5.17347e-06
5.17041e-06
5.16733e-06
5.16402e-06
5.16075e-06
5.15768e-06
5.15467e-06
5.15134e-06
5.1481e-06
5.14503e-06
5.14181e-06
5.13854e-06
5.13553e-06
5.13226e-06
5.12905e-06
5.12606e-06
5.12284e-06
5.11957e-06
5.11664e-06
5.11344e-06
5.11025e-06
5.107e-06
5.10388e-06
5.10092e-06
5.09773e-06
5.0948e-06
5.09168e-06
5.08849e-06
5.08535e-06
5.08217e-06
5.07905e-06
5.07592e-06
5.07278e-06
5.06968e-06
5.06657e-06
5.06342e-06
5.06037e-06
5.05749e-06
5.05443e-06
5.05155e-06
5.04853e-06
5.04541e-06
5.0424e-06
5.03928e-06
5.03653e-06
5.03344e-06
5.03043e-06
5.02736e-06
5.02438e-06
5.02128e-06
5.01831e-06
5.01531e-06
5.0123e-06
5.00932e-06
5.00627e-06
5.00334e-06
5.00036e-06
4.99733e-06
4.9944e-06
4.9914e-06
4.98848e-06
4.98556e-06
4.98256e-06
4.97965e-06
4.97669e-06
4.97377e-06
4.97087e-06
4.96793e-06
4.96503e-06
4.96209e-06
4.95924e-06
4.95631e-06
4.95347e-06
4.95053e-06
4.9477e-06
4.94455e-06
4.94173e-06
4.93882e-06
4.93601e-06
4.93317e-06
4.9303e-06
4.92742e-06
4.92466e-06
4.92182e-06
4.91897e-06
4.9162e-06
4.9131e-06
4.91035e-06
4.90729e-06
4.90422e-06
4.90147e-06
4.89841e-06
4.89569e-06
4.89289e-06
4.89016e-06
4.88735e-06
4.88465e-06
4.88187e-06
4.87914e-06
4.87636e-06
4.87368e-06
4.87095e-06
4.8682e-06
4.8655e-06
4.86283e-06
4.8601e-06
4.85739e-06
4.8545e-06
4.85151e-06
4.84886e-06
4.84619e-06
4.84349e-06
4.84083e-06
4.8382e-06
4.83531e-06
4.83262e-06
4.82998e-06
4.82734e-06
4.82471e-06
4.82182e-06
4.8192e-06
4.81664e-06
4.81396e-06
4.81137e-06
4.8085e-06
4.80592e-06
4.80337e-06
4.80078e-06
4.79798e-06
4.79533e-06
4.7928e-06
4.78997e-06
4.78741e-06
4.78486e-06
4.78205e-06
4.77946e-06
4.777e-06
4.77421e-06
4.77168e-06
4.76911e-06
4.76636e-06
4.76383e-06
4.76134e-06
4.7586e-06
4.75608e-06
4.75337e-06
4.75088e-06
4.74837e-06
4.74566e-06
4.74317e-06
4.74048e-06
4.73797e-06
4.73532e-06
4.73281e-06
4.73042e-06
4.72768e-06
4.72525e-06
4.72255e-06
4.72015e-06
4.71747e-06
4.71506e-06
4.71237e-06
4.71e-06
4.7073e-06
4.70471e-06
4.70227e-06
4.69964e-06
4.69728e-06
4.69465e-06
4.69227e-06
4.68963e-06
4.68724e-06
4.68471e-06
4.68203e-06
4.67975e-06
4.67711e-06
4.67478e-06
4.67217e-06
4.66964e-06
4.66729e-06
4.6647e-06
4.66215e-06
4.65981e-06
4.65733e-06
4.65475e-06
4.65215e-06
4.64967e-06
4.64709e-06
4.64472e-06
4.64235e-06
4.63987e-06
4.63749e-06
4.63511e-06
4.63273e-06
4.63024e-06
4.62785e-06
4.62547e-06
4.6231e-06
4.62075e-06
4.61825e-06
4.61581e-06
4.6133e-06
4.61088e-06
4.60837e-06
4.60593e-06
4.60348e-06
4.60105e-06
4.59855e-06
4.59627e-06
4.59396e-06
4.59166e-06
4.58933e-06
4.58689e-06
4.58448e-06
4.5821e-06
4.57973e-06
4.57727e-06
4.57484e-06
4.57246e-06
4.57011e-06
4.56774e-06
4.56538e-06
4.56293e-06
4.56055e-06
4.55817e-06
4.55587e-06
4.55352e-06
4.5512e-06
4.54881e-06
4.54664e-06
4.54455e-06
4.54243e-06
4.54034e-06
4.53804e-06
4.53571e-06
4.5334e-06
4.53111e-06
4.52875e-06
4.52645e-06
4.52413e-06
4.52198e-06
4.51978e-06
4.51745e-06
4.5152e-06
4.51292e-06
4.51066e-06
4.50846e-06
4.50619e-06
4.50396e-06
4.50166e-06
4.49944e-06
4.49715e-06
4.49493e-06
4.49265e-06
4.49055e-06
4.48829e-06
4.48607e-06
4.48386e-06
4.48159e-06
4.47941e-06
4.47715e-06
4.47496e-06
4.47272e-06
4.47054e-06
4.46832e-06
4.46617e-06
4.46393e-06
4.46175e-06
4.4596e-06
4.45737e-06
4.45522e-06
4.45299e-06
4.45087e-06
4.44867e-06
4.44652e-06
4.4444e-06
4.44219e-06
4.43997e-06
4.43778e-06
4.43567e-06
4.43352e-06
4.43139e-06
4.42911e-06
4.427e-06
4.42491e-06
4.42274e-06
4.42067e-06
4.41852e-06
4.41642e-06
4.41431e-06
4.41222e-06
4.41012e-06
4.40799e-06
4.40591e-06
4.40382e-06
4.40178e-06
4.39956e-06
4.39749e-06
4.39544e-06
4.39323e-06
4.39117e-06
4.38888e-06
4.38684e-06
4.38453e-06
4.38251e-06
4.38023e-06
4.37817e-06
4.37591e-06
4.37389e-06
4.37182e-06
4.36983e-06
4.36779e-06
4.36577e-06
4.36381e-06
4.36173e-06
4.35974e-06
4.35774e-06
4.35572e-06
4.35375e-06
4.35172e-06
4.34975e-06
4.34779e-06
4.34552e-06
4.34358e-06
4.34156e-06
4.3395e-06
4.33739e-06
4.33536e-06
4.33324e-06
4.33118e-06
4.32909e-06
4.32705e-06
4.32498e-06
4.32294e-06
4.32088e-06
4.3188e-06
4.3168e-06
4.31473e-06
4.31282e-06
4.31088e-06
4.30895e-06
4.30705e-06
4.30508e-06
4.30323e-06
4.30128e-06
4.29941e-06
4.29746e-06
4.29552e-06
4.29357e-06
4.2916e-06
4.28958e-06
4.28757e-06
4.28571e-06
4.28373e-06
4.28183e-06
4.27997e-06
4.27796e-06
4.27604e-06
4.27402e-06
4.27218e-06
4.27034e-06
4.26837e-06
4.26641e-06
4.26443e-06
4.26259e-06
4.2608e-06
4.25881e-06
4.25688e-06
4.25505e-06
4.25322e-06
4.25116e-06
4.24938e-06
4.24742e-06
4.2456e-06
4.2437e-06
4.24164e-06
4.23985e-06
4.23809e-06
4.23615e-06
4.23424e-06
4.23234e-06
4.23046e-06
4.22854e-06
4.22665e-06
4.22477e-06
4.22302e-06
4.2211e-06
4.21923e-06
4.21734e-06
4.21561e-06
4.21371e-06
4.21195e-06
4.2101e-06
4.20826e-06
4.2064e-06
4.2045e-06
4.20267e-06
4.20072e-06
4.19879e-06
4.19702e-06
4.1953e-06
4.19356e-06
4.19186e-06
4.19014e-06
4.18831e-06
4.18645e-06
4.18455e-06
4.1826e-06
4.18072e-06
4.17879e-06
4.17686e-06
4.17494e-06
4.17304e-06
4.1711e-06
4.16922e-06
4.16731e-06
4.16538e-06
4.16372e-06
4.16181e-06
4.16017e-06
4.15827e-06
4.15662e-06
4.15474e-06
4.15309e-06
4.15141e-06
4.14955e-06
4.14788e-06
4.14621e-06
4.14456e-06
4.14291e-06
4.14131e-06
4.13944e-06
4.13761e-06
4.13575e-06
4.1339e-06
4.13203e-06
4.13046e-06
4.1288e-06
4.12721e-06
4.12559e-06
4.12395e-06
4.12236e-06
4.12077e-06
4.11893e-06
4.11712e-06
4.1153e-06
4.11372e-06
4.11211e-06
4.11052e-06
4.10869e-06
4.10692e-06
4.10511e-06
4.10355e-06
4.10195e-06
4.10016e-06
4.09858e-06
4.09702e-06
4.09525e-06
4.09345e-06
4.0917e-06
4.09013e-06
4.08858e-06
4.087e-06
4.08549e-06
4.08371e-06
4.08198e-06
4.08022e-06
4.07864e-06
4.07712e-06
4.07559e-06
4.07384e-06
4.07208e-06
4.07032e-06
4.06886e-06
4.0673e-06
4.06581e-06
4.06408e-06
4.06232e-06
4.06082e-06
4.05909e-06
4.05758e-06
4.05588e-06
4.05418e-06
4.0527e-06
4.05095e-06
4.04946e-06
4.04776e-06
4.04604e-06
4.04459e-06
4.04312e-06
4.04139e-06
4.03969e-06
4.03822e-06
4.03656e-06
4.03486e-06
4.03343e-06
4.03193e-06
4.03024e-06
4.02859e-06
4.02712e-06
4.02547e-06
4.024e-06
4.02232e-06
4.02082e-06
4.01926e-06
4.01757e-06
4.01615e-06
4.01453e-06
4.01286e-06
4.0113e-06
4.00965e-06
4.00815e-06
4.0065e-06
4.00494e-06
4.00345e-06
4.00181e-06
4.0003e-06
3.99876e-06
3.99717e-06
3.99565e-06
3.99411e-06
3.99263e-06
3.99101e-06
3.98947e-06
3.98798e-06
3.98652e-06
3.9849e-06
3.98337e-06
3.98192e-06
3.98043e-06
3.9788e-06
3.97725e-06
3.97577e-06
3.97426e-06
3.97281e-06
3.97123e-06
3.96962e-06
3.96806e-06
3.96656e-06
3.96512e-06
3.96365e-06
3.96217e-06
3.96063e-06
3.95907e-06
3.95749e-06
3.95597e-06
3.9544e-06
3.95296e-06
3.95152e-06
3.95004e-06
3.94864e-06
3.94717e-06
3.94576e-06
3.94421e-06
3.94266e-06
3.94115e-06
3.93959e-06
3.93809e-06
3.93653e-06
3.93503e-06
3.9335e-06
3.9321e-06
3.93057e-06
3.92915e-06
3.92763e-06
3.92622e-06
3.92485e-06
3.9233e-06
3.92194e-06
3.9205e-06
3.91915e-06
3.91777e-06
3.91636e-06
3.91498e-06
3.91355e-06
3.91219e-06
3.91079e-06
3.90945e-06
3.90805e-06
3.90671e-06
3.90529e-06
3.90394e-06
3.90254e-06
3.90122e-06
3.89984e-06
3.8984e-06
3.8969e-06
3.89546e-06
3.89408e-06
3.89275e-06
3.89137e-06
3.89006e-06
3.88857e-06
3.88716e-06
3.88571e-06
3.88435e-06
3.883e-06
3.88167e-06
3.88024e-06
3.87878e-06
3.87747e-06
3.87612e-06
3.87482e-06
3.87338e-06
3.87198e-06
3.87066e-06
3.86933e-06
3.8679e-06
3.86645e-06
3.86518e-06
3.86388e-06
3.86246e-06
3.86103e-06
3.85971e-06
3.85845e-06
3.85706e-06
3.85575e-06
3.85445e-06
3.85303e-06
3.85166e-06
3.85037e-06
3.84898e-06
3.84759e-06
3.84632e-06
3.84492e-06
3.84354e-06
3.84222e-06
3.84088e-06
3.83961e-06
3.83832e-06
3.83698e-06
3.83572e-06
3.83441e-06
3.83308e-06
3.83182e-06
3.83056e-06
3.82919e-06
3.82794e-06
3.82657e-06
3.82531e-06
3.82408e-06
3.82273e-06
3.82149e-06
3.82015e-06
3.81887e-06
3.81756e-06
3.81633e-06
3.81507e-06
3.81375e-06
3.81252e-06
3.81115e-06
3.80996e-06
3.80863e-06
3.80742e-06
3.80608e-06
3.80485e-06
3.80353e-06
3.8022e-06
3.80102e-06
3.79979e-06
3.79848e-06
3.79713e-06
3.79595e-06
3.79466e-06
3.79347e-06
3.79212e-06
3.79094e-06
3.78965e-06
3.78847e-06
3.78714e-06
3.78596e-06
3.78467e-06
3.7835e-06
3.78218e-06
3.78091e-06
3.77973e-06
3.77845e-06
3.77724e-06
3.77599e-06
3.77471e-06
3.77354e-06
3.77227e-06
3.77107e-06
3.76982e-06
3.76855e-06
3.76739e-06
3.76614e-06
3.76483e-06
3.76369e-06
3.76244e-06
3.76118e-06
3.76004e-06
3.75875e-06
3.7575e-06
3.75639e-06
3.75514e-06
3.75391e-06
3.75277e-06
3.75146e-06
3.75021e-06
3.74901e-06
3.74789e-06
3.74667e-06
3.74544e-06
3.74427e-06
3.7431e-06
3.7419e-06
3.74069e-06
3.73959e-06
3.73838e-06
3.73713e-06
3.73588e-06
3.73472e-06
3.73363e-06
3.73247e-06
3.73128e-06
3.73018e-06
3.72896e-06
3.72782e-06
3.72658e-06
3.72535e-06
3.72428e-06
3.72325e-06
3.72206e-06
3.72085e-06
3.71963e-06
3.71852e-06
3.71741e-06
3.71622e-06
3.71504e-06
3.71384e-06
3.71268e-06
3.71162e-06
3.71056e-06
3.70936e-06
3.70816e-06
3.70698e-06
3.7058e-06
3.70463e-06
3.70346e-06
3.7023e-06
3.70122e-06
3.70016e-06
3.69909e-06
3.69793e-06
3.69675e-06
3.6956e-06
3.69445e-06
3.6933e-06
3.69214e-06
3.69097e-06
3.68981e-06
3.68866e-06
3.68752e-06
3.68641e-06
3.68526e-06
3.6841e-06
3.68294e-06
3.68179e-06
3.68065e-06
3.67952e-06
3.67839e-06
3.67726e-06
3.67613e-06
3.67499e-06
3.67383e-06
3.6727e-06
3.67158e-06
3.67045e-06
3.66934e-06
3.66822e-06
3.6671e-06
3.66599e-06
3.66487e-06
3.66378e-06
3.66265e-06
3.66163e-06
3.66051e-06
3.6594e-06
3.65829e-06
3.65719e-06
3.65609e-06
3.65499e-06
3.65389e-06
3.65278e-06
3.65168e-06
3.65079e-06
3.64969e-06
3.64881e-06
3.64772e-06
3.64674e-06
3.64575e-06
3.64476e-06
3.64378e-06
3.6428e-06
3.64182e-06
3.64084e-06
3.63987e-06
3.63886e-06
3.63778e-06
3.63672e-06
3.63568e-06
3.6346e-06
3.63363e-06
3.63266e-06
3.6317e-06
3.63074e-06
3.62966e-06
3.6286e-06
3.62753e-06
3.62658e-06
3.62562e-06
3.62464e-06
3.62369e-06
3.62265e-06
3.62163e-06
3.62056e-06
3.61961e-06
3.61867e-06
3.61762e-06
3.61657e-06
3.61553e-06
3.61457e-06
3.61362e-06
3.61262e-06
3.61157e-06
3.61064e-06
3.60971e-06
3.60878e-06
3.60774e-06
3.60671e-06
3.60575e-06
3.60486e-06
3.60383e-06
3.6028e-06
3.60189e-06
3.60098e-06
3.59995e-06
3.5989e-06
3.59801e-06
3.59699e-06
3.59608e-06
3.59506e-06
3.59416e-06
3.59315e-06
3.59211e-06
3.59123e-06
3.59033e-06
3.58932e-06
3.58832e-06
3.58742e-06
3.58639e-06
3.58542e-06
3.58452e-06
3.58352e-06
3.58253e-06
3.58161e-06
3.58065e-06
3.57965e-06
3.57876e-06
3.57777e-06
3.57687e-06
3.57599e-06
3.57503e-06
3.57415e-06
3.57317e-06
3.57229e-06
3.57138e-06
3.57044e-06
3.56945e-06
3.56858e-06
3.56771e-06
3.56671e-06
3.56587e-06
3.5649e-06
3.56404e-06
3.56308e-06
3.56218e-06
3.56135e-06
3.56038e-06
3.55952e-06
3.55864e-06
3.55771e-06
3.55675e-06
3.55589e-06
3.55494e-06
3.55396e-06
3.55314e-06
3.55219e-06
3.55124e-06
3.55036e-06
3.54945e-06
3.5485e-06
3.54766e-06
3.54669e-06
3.54588e-06
3.54505e-06
3.5441e-06
3.54324e-06
3.54243e-06
3.54149e-06
3.54067e-06
3.53971e-06
3.53881e-06
3.53788e-06
3.53692e-06
3.53612e-06
3.53519e-06
3.53436e-06
3.53341e-06
3.53263e-06
3.53171e-06
3.53086e-06
3.52998e-06
3.52915e-06
3.52823e-06
3.52739e-06
3.52652e-06
3.5257e-06
3.52477e-06
3.52399e-06
3.52308e-06
3.52228e-06
3.52144e-06
3.52057e-06
3.51977e-06
3.51884e-06
3.51807e-06
3.51717e-06
3.51634e-06
3.51548e-06
3.51458e-06
3.51376e-06
3.5129e-06
3.51211e-06
3.51122e-06
3.51032e-06
3.50953e-06
3.50862e-06
3.50787e-06
3.50698e-06
3.50607e-06
3.50533e-06
3.50444e-06
3.50364e-06
3.50289e-06
3.50201e-06
3.50121e-06
3.50037e-06
3.49949e-06
3.49869e-06
3.49785e-06
3.49698e-06
3.49619e-06
3.49535e-06
3.49448e-06
3.49372e-06
3.49285e-06
3.49196e-06
3.49123e-06
3.49037e-06
3.48948e-06
3.48876e-06
3.488e-06
3.48712e-06
3.4864e-06
3.48565e-06
3.48479e-06
3.48404e-06
3.48326e-06
3.48245e-06
3.4817e-06
3.48093e-06
3.48012e-06
3.47938e-06
3.47864e-06
3.47779e-06
3.47692e-06
3.47622e-06
3.47548e-06
3.47463e-06
3.47391e-06
3.47316e-06
3.47233e-06
3.47152e-06
3.47078e-06
3.47006e-06
3.46921e-06
3.46839e-06
3.46767e-06
3.46695e-06
3.46614e-06
3.46531e-06
3.46459e-06
3.46385e-06
3.46314e-06
3.46232e-06
3.46161e-06
3.46091e-06
3.4602e-06
3.45937e-06
3.45856e-06
3.45785e-06
3.45714e-06
3.45645e-06
3.45564e-06
3.45493e-06
3.45421e-06
3.45341e-06
3.45271e-06
3.45191e-06
3.45121e-06
3.45053e-06
3.44972e-06
3.44903e-06
3.44821e-06
3.44742e-06
3.44673e-06
3.44594e-06
3.44525e-06
3.44456e-06
3.44377e-06
3.44308e-06
3.44242e-06
3.44173e-06
3.44104e-06
3.44024e-06
3.43956e-06
3.43888e-06
3.4381e-06
3.43743e-06
3.43675e-06
3.43607e-06
3.43539e-06
3.43462e-06
3.43395e-06
3.43329e-06
3.43251e-06
3.43184e-06
3.43117e-06
3.4304e-06
3.42974e-06
3.42907e-06
3.42829e-06
3.42764e-06
3.42697e-06
3.42621e-06
3.42556e-06
3.4249e-06
3.42413e-06
3.42347e-06
3.42282e-06
3.42206e-06
3.42142e-06
3.42076e-06
3.42001e-06
3.41925e-06
3.41851e-06
3.41775e-06
3.417e-06
3.41623e-06
3.4155e-06
3.41476e-06
3.41401e-06
3.41327e-06
3.41252e-06
3.41178e-06
3.41105e-06
3.4103e-06
3.40954e-06
3.40891e-06
3.40818e-06
3.40745e-06
3.40682e-06
3.40608e-06
3.40545e-06
3.40471e-06
3.4041e-06
3.40336e-06
3.40271e-06
3.4021e-06
3.40138e-06
3.40075e-06
3.40003e-06
3.39941e-06
3.39879e-06
3.39818e-06
3.39746e-06
3.39685e-06
3.39622e-06
3.39558e-06
3.39497e-06
3.39437e-06
3.39376e-06
3.39304e-06
3.39244e-06
3.39183e-06
3.39123e-06
3.39062e-06
3.39002e-06
3.3894e-06
3.38878e-06
3.38818e-06
3.38759e-06
3.38699e-06
3.38639e-06
3.3858e-06
3.38521e-06
3.38462e-06
3.384e-06
3.3834e-06
3.3828e-06
3.3822e-06
3.38162e-06
3.38103e-06
3.38047e-06
3.37987e-06
3.37928e-06
3.37869e-06
3.37809e-06
3.37741e-06
3.37683e-06
3.37623e-06
3.37565e-06
3.37508e-06
3.3745e-06
3.37393e-06
3.37336e-06
3.37277e-06
3.37218e-06
3.37161e-06
3.37103e-06
3.37037e-06
3.36977e-06
3.36921e-06
3.36865e-06
3.36808e-06
3.36752e-06
3.36694e-06
3.36638e-06
3.3658e-06
3.36525e-06
3.36468e-06
3.36411e-06
3.36355e-06
3.36299e-06
3.36244e-06
3.36187e-06
3.36132e-06
3.36076e-06
3.3602e-06
3.35964e-06
3.3591e-06
3.35853e-06
3.35798e-06
3.35743e-06
3.35689e-06
3.35634e-06
3.35579e-06
3.35523e-06
3.3547e-06
3.35415e-06
3.35361e-06
3.35305e-06
3.35251e-06
3.35196e-06
3.35142e-06
3.35089e-06
3.35035e-06
3.34982e-06
3.34928e-06
3.34874e-06
3.3482e-06
3.34777e-06
3.34724e-06
3.3467e-06
3.34617e-06
3.34564e-06
3.34511e-06
3.34457e-06
3.34405e-06
3.34353e-06
3.343e-06
3.34247e-06
3.34195e-06
3.34143e-06
3.3409e-06
3.34038e-06
3.33986e-06
3.33934e-06
3.33881e-06
3.33829e-06
3.33788e-06
3.33736e-06
3.33686e-06
3.33635e-06
3.33584e-06
3.33532e-06
3.33481e-06
3.3343e-06
3.33379e-06
3.33327e-06
3.33276e-06
3.33225e-06
3.33173e-06
3.33123e-06
3.33073e-06
3.33024e-06
3.32983e-06
3.32934e-06
3.32884e-06
3.32833e-06
3.32795e-06
3.32744e-06
3.32695e-06
3.32644e-06
3.32593e-06
3.32545e-06
3.32496e-06
3.32457e-06
3.32407e-06
3.32358e-06
3.32309e-06
3.32272e-06
3.32221e-06
3.32174e-06
3.32124e-06
3.32077e-06
3.32029e-06
3.3198e-06
3.31929e-06
3.31881e-06
3.31834e-06
3.31785e-06
3.31738e-06
3.31688e-06
3.31642e-06
3.31595e-06
3.31546e-06
3.31499e-06
3.3145e-06
3.31403e-06
3.31357e-06
3.3131e-06
3.31274e-06
3.31226e-06
3.31177e-06
3.31143e-06
3.31096e-06
3.31049e-06
3.31012e-06
3.30966e-06
3.30919e-06
3.30883e-06
3.30837e-06
3.30789e-06
3.30755e-06
3.30708e-06
3.30664e-06
3.30626e-06
3.30582e-06
3.30535e-06
3.30501e-06
3.30456e-06
3.30411e-06
3.30364e-06
3.3032e-06
3.30284e-06
3.3024e-06
3.30194e-06
3.30151e-06
3.30105e-06
3.30061e-06
3.30014e-06
3.29971e-06
3.29927e-06
3.29881e-06
3.29837e-06
3.29802e-06
3.2977e-06
3.29737e-06
3.29692e-06
3.29659e-06
3.29614e-06
3.29571e-06
3.29538e-06
3.29493e-06
3.29462e-06
3.29417e-06
3.29375e-06
3.2933e-06
3.29289e-06
3.29256e-06
3.29212e-06
3.2918e-06
3.29136e-06
3.29095e-06
3.29051e-06
3.2901e-06
3.28968e-06
3.28923e-06
3.28892e-06
3.28849e-06
3.28819e-06
3.28776e-06
3.28746e-06
3.28703e-06
3.28659e-06
3.28618e-06
3.28577e-06
3.28536e-06
3.28495e-06
3.28451e-06
3.28411e-06
3.2837e-06
3.28326e-06
3.28288e-06
3.28257e-06
3.28217e-06
3.28176e-06
3.28132e-06
3.28104e-06
3.28075e-06
3.28031e-06
3.28004e-06
3.27963e-06
3.27934e-06
3.27894e-06
3.27861e-06
3.27824e-06
3.27793e-06
3.27753e-06
3.27726e-06
3.27683e-06
3.27657e-06
3.27616e-06
3.27585e-06
3.27548e-06
3.27518e-06
3.27479e-06
3.27451e-06
3.27411e-06
3.27371e-06
3.27346e-06
3.27303e-06
3.27277e-06
3.2725e-06
3.27209e-06
3.27183e-06
3.27145e-06
3.27104e-06
3.27076e-06
3.27039e-06
3.2701e-06
3.26972e-06
3.26947e-06
3.26907e-06
3.2688e-06
3.26844e-06
3.26816e-06
3.26777e-06
3.2674e-06
3.26715e-06
3.26675e-06
3.26649e-06
3.26612e-06
3.26584e-06
3.26547e-06
3.26512e-06
3.26485e-06
3.26447e-06
3.2642e-06
3.26386e-06
3.26358e-06
3.26333e-06
3.26308e-06
3.26281e-06
3.26244e-06
3.26219e-06
3.26184e-06
3.26157e-06
3.26131e-06
3.26108e-06
3.26081e-06
3.26045e-06
3.2602e-06
3.25986e-06
3.25959e-06
3.25934e-06
3.25899e-06
3.25876e-06
3.25839e-06
3.25815e-06
3.2579e-06
3.25756e-06
3.25731e-06
3.25696e-06
3.25672e-06
3.25649e-06
3.25613e-06
3.25589e-06
3.25566e-06
3.25543e-06
3.25518e-06
3.25484e-06
3.2546e-06
3.25438e-06
3.25403e-06
3.25379e-06
3.25356e-06
3.25333e-06
3.25311e-06
3.25276e-06
3.25253e-06
3.2523e-06
3.25199e-06
3.25175e-06
3.25151e-06
3.25119e-06
3.25096e-06
3.25075e-06
3.25051e-06
3.25029e-06
3.25007e-06
3.24985e-06
3.24965e-06
3.24931e-06
3.24909e-06
3.24887e-06
3.24854e-06
3.24833e-06
3.24811e-06
3.2478e-06
3.24758e-06
3.24737e-06
3.24716e-06
3.24696e-06
3.24673e-06
3.24652e-06
3.24632e-06
3.24611e-06
3.24591e-06
3.24568e-06
3.24548e-06
3.24527e-06
3.24509e-06
3.24487e-06
3.24469e-06
3.24447e-06
3.24427e-06
3.24406e-06
3.24387e-06
3.24367e-06
3.2435e-06
3.24326e-06
3.24308e-06
3.24288e-06
3.24269e-06
3.24249e-06
3.24231e-06
3.24212e-06
3.24192e-06
3.24171e-06
3.24144e-06
3.24124e-06
3.24106e-06
3.24086e-06
3.2407e-06
3.2405e-06
3.24032e-06
3.24014e-06
3.23994e-06
3.23977e-06
3.23959e-06
3.23941e-06
3.23923e-06
3.23905e-06
3.23887e-06
3.23868e-06
3.23852e-06
3.23833e-06
3.23815e-06
3.23801e-06
3.23788e-06
3.23768e-06
3.23753e-06
3.23737e-06
3.23723e-06
3.23705e-06
3.23688e-06
3.2367e-06
3.23657e-06
3.23642e-06
3.23629e-06
3.23612e-06
3.23596e-06
3.2359e-06
3.23576e-06
3.23562e-06
3.23545e-06
3.2353e-06
3.23514e-06
3.235e-06
3.23484e-06
3.23468e-06
3.23452e-06
3.23436e-06
3.2342e-06
3.23406e-06
3.23391e-06
3.23376e-06
3.23361e-06
3.23344e-06
3.23328e-06
3.23314e-06
3.23299e-06
3.23286e-06
3.23271e-06
3.23256e-06
3.23253e-06
3.23236e-06
3.23222e-06
3.23208e-06
3.23194e-06
3.2319e-06
3.23177e-06
3.23162e-06
3.23147e-06
3.23131e-06
3.23118e-06
3.23114e-06
3.23103e-06
3.23091e-06
3.23078e-06
3.23064e-06
3.23048e-06
3.23044e-06
3.23031e-06
3.23018e-06
3.23004e-06
3.22992e-06
3.2298e-06
3.22968e-06
3.22966e-06
3.22953e-06
3.22939e-06
3.22929e-06
3.22916e-06
3.22903e-06
3.22891e-06
3.22889e-06
3.22888e-06
3.22876e-06
3.22865e-06
3.22853e-06
3.22841e-06
3.22829e-06
3.22816e-06
3.22815e-06
3.22815e-06
3.22803e-06
3.22792e-06
3.2278e-06
3.22769e-06
3.22759e-06
3.22748e-06
3.22739e-06
3.22738e-06
3.22737e-06
3.22737e-06
3.22726e-06
3.22716e-06
3.22705e-06
3.22694e-06
3.22684e-06
3.22673e-06
3.22663e-06
3.22653e-06
3.22644e-06
3.22647e-06
3.22647e-06
3.22647e-06
3.22637e-06
3.22627e-06
3.22619e-06
3.22608e-06
3.22599e-06
3.2259e-06
3.22582e-06
3.22572e-06
3.22563e-06
3.22554e-06
3.22544e-06
3.22536e-06
3.22527e-06
3.2252e-06
3.22511e-06
3.22502e-06
3.22491e-06
3.22484e-06
3.22476e-06
3.22469e-06
3.22471e-06
3.22474e-06
3.22477e-06
3.22479e-06
3.22481e-06
3.22484e-06
3.2249e-06
3.22483e-06
3.22476e-06
3.22468e-06
3.2246e-06
3.22451e-06
3.22455e-06
3.22448e-06
3.22443e-06
3.22447e-06
3.2244e-06
3.22432e-06
3.22436e-06
3.2243e-06
3.22434e-06
3.22429e-06
3.22421e-06
3.22426e-06
3.22432e-06
3.22426e-06
3.22431e-06
3.22423e-06
3.22428e-06
3.22436e-06
3.2243e-06
3.22437e-06
3.22441e-06
3.22434e-06
3.2244e-06
3.22446e-06
3.22453e-06
3.22458e-06
3.22462e-06
3.22469e-06
3.22475e-06
3.22482e-06
3.22489e-06
3.22495e-06
3.225e-06
3.22507e-06
3.22514e-06
3.22521e-06
3.22529e-06
3.22534e-06
3.2254e-06
3.22547e-06
3.22556e-06
3.22564e-06
3.22569e-06
3.22576e-06
3.22584e-06
3.22593e-06
3.22601e-06
3.22607e-06
3.22614e-06
3.22622e-06
3.22633e-06
3.22639e-06
3.22647e-06
3.22654e-06
3.22663e-06
3.22674e-06
3.22681e-06
3.22678e-06
3.22674e-06
3.22684e-06
3.22692e-06
3.22703e-06
3.22713e-06
3.2272e-06
3.22728e-06
3.22736e-06
3.22748e-06
3.22757e-06
3.22767e-06
3.22765e-06
3.22774e-06
3.22784e-06
3.22793e-06
3.22805e-06
3.22813e-06
3.22823e-06
3.22833e-06
3.22843e-06
3.22854e-06
3.22854e-06
3.22864e-06
3.22875e-06
3.22885e-06
3.22897e-06
3.22906e-06
3.22917e-06
3.22928e-06
3.2294e-06
3.22951e-06
3.22962e-06
3.22973e-06
3.22984e-06
3.22997e-06
3.23008e-06
3.2302e-06
3.2302e-06
3.23031e-06
3.23043e-06
3.23056e-06
3.23067e-06
3.2308e-06
3.23093e-06
3.23106e-06
3.23117e-06
3.2313e-06
3.23141e-06
3.23155e-06
3.23167e-06
3.2318e-06
3.23194e-06
3.23207e-06
3.2322e-06
3.23232e-06
3.23245e-06
3.23258e-06
3.23272e-06
3.23287e-06
3.233e-06
3.23313e-06
3.23339e-06
3.23352e-06
3.23366e-06
3.2338e-06
3.23393e-06
3.23407e-06
3.23423e-06
3.23449e-06
3.23463e-06
3.23477e-06
3.23491e-06
3.23506e-06
3.2352e-06
3.23536e-06
3.2355e-06
3.23578e-06
3.23593e-06
3.23608e-06
3.23623e-06
3.23637e-06
3.23665e-06
3.23682e-06
3.23697e-06
3.23711e-06
3.23738e-06
3.23755e-06
3.23769e-06
3.23787e-06
3.23804e-06
3.23831e-06
3.23847e-06
3.23864e-06
3.2388e-06
3.23907e-06
3.23925e-06
3.2394e-06
3.23958e-06
3.23984e-06
3.24005e-06
3.24021e-06
3.24038e-06
3.24066e-06
3.24082e-06
3.24102e-06
3.24129e-06
3.24159e-06
3.24176e-06
3.24194e-06
3.24223e-06
3.24255e-06
3.24272e-06
3.24289e-06
3.24318e-06
3.24337e-06
3.24355e-06
3.24385e-06
3.24415e-06
3.24432e-06
3.24453e-06
3.24483e-06
3.24502e-06
3.2452e-06
3.24551e-06
3.24582e-06
3.24601e-06
3.24621e-06
3.24652e-06
3.2467e-06
3.24691e-06
3.24722e-06
3.2474e-06
3.24762e-06
3.24793e-06
3.24813e-06
3.24833e-06
3.24864e-06
3.24885e-06
3.24906e-06
3.24937e-06
3.24958e-06
3.2498e-06
3.2501e-06
3.25033e-06
3.25052e-06
3.25086e-06
3.25106e-06
3.25139e-06
3.25172e-06
3.25194e-06
3.25227e-06
3.25259e-06
3.25282e-06
3.25314e-06
3.25348e-06
3.25369e-06
3.25403e-06
3.25436e-06
3.25459e-06
3.25494e-06
3.25526e-06
3.2555e-06
3.25582e-06
3.25607e-06
3.25641e-06
3.25674e-06
3.25698e-06
3.25731e-06
3.25757e-06
3.25789e-06
3.25825e-06
3.25849e-06
3.25882e-06
3.25917e-06
3.25941e-06
3.25978e-06
3.26002e-06
3.26036e-06
3.26061e-06
3.26097e-06
3.26131e-06
3.26156e-06
3.26193e-06
3.26216e-06
3.26253e-06
3.26288e-06
3.26326e-06
3.26363e-06
3.26386e-06
3.26423e-06
3.26449e-06
3.26485e-06
3.26522e-06
3.2656e-06
3.26595e-06
3.26622e-06
3.2666e-06
3.26685e-06
3.26721e-06
3.2675e-06
3.26786e-06
3.26812e-06
3.26849e-06
3.26888e-06
3.26926e-06
3.26964e-06
3.27001e-06
3.27041e-06
3.27079e-06
3.27117e-06
3.27145e-06
3.27183e-06
3.27211e-06
3.27249e-06
3.27277e-06
3.27315e-06
3.27354e-06
3.27395e-06
3.27422e-06
3.27461e-06
3.27501e-06
3.27541e-06
3.2758e-06
3.27621e-06
3.27648e-06
3.27688e-06
3.27728e-06
3.27768e-06
3.27811e-06
3.2785e-06
3.2789e-06
3.27931e-06
3.27972e-06
3.28013e-06
3.28053e-06
3.28094e-06
3.28135e-06
3.28177e-06
3.28218e-06
3.2826e-06
3.28301e-06
3.28343e-06
3.28385e-06
3.28427e-06
3.28468e-06
3.2851e-06
3.28552e-06
3.28595e-06
3.28637e-06
3.2868e-06
3.28722e-06
3.28765e-06
3.28807e-06
3.2885e-06
3.28893e-06
3.28937e-06
3.28979e-06
3.29023e-06
3.29065e-06
3.29109e-06
3.29152e-06
3.29197e-06
3.2924e-06
3.29283e-06
3.29328e-06
3.29372e-06
3.29415e-06
3.29461e-06
3.29505e-06
3.29548e-06
3.29593e-06
3.29637e-06
3.29695e-06
3.29739e-06
3.29785e-06
3.2983e-06
3.29872e-06
3.29931e-06
3.29978e-06
3.30025e-06
3.30081e-06
3.30126e-06
3.3017e-06
3.30216e-06
3.30263e-06
3.30322e-06
3.30368e-06
3.30414e-06
3.3047e-06
3.30517e-06
3.30565e-06
3.30623e-06
3.30671e-06
3.30717e-06
3.30776e-06
3.30823e-06
3.30871e-06
3.3093e-06
3.30975e-06
3.31025e-06
3.31084e-06
3.31131e-06
3.3118e-06
3.31239e-06
3.31286e-06
3.31336e-06
3.31398e-06
3.31444e-06
3.31493e-06
3.31553e-06
3.31602e-06
3.31651e-06
3.31698e-06
3.31761e-06
3.3181e-06
3.3186e-06
3.3192e-06
3.3198e-06
3.32031e-06
3.32092e-06
3.32154e-06
3.32203e-06
3.32255e-06
3.32317e-06
3.32377e-06
3.32428e-06
3.3248e-06
3.32541e-06
3.32605e-06
3.32654e-06
3.32718e-06
3.3278e-06
3.32832e-06
3.32882e-06
3.32945e-06
3.33009e-06
3.33074e-06
3.33125e-06
3.33188e-06
3.33254e-06
3.33316e-06
3.3337e-06
3.33421e-06
3.33484e-06
3.3355e-06
3.33602e-06
3.33654e-06
3.33705e-06
3.33773e-06
3.33837e-06
3.33902e-06
3.33956e-06
3.3402e-06
3.34087e-06
3.34152e-06
3.34219e-06
3.3427e-06
3.34337e-06
3.34402e-06
3.34469e-06
3.34534e-06
3.3459e-06
3.34644e-06
3.34711e-06
3.34776e-06
3.34845e-06
3.34911e-06
3.34967e-06
3.35023e-06
3.35087e-06
3.35155e-06
3.35224e-06
3.35291e-06
3.35358e-06
3.35415e-06
3.35469e-06
3.3554e-06
3.35606e-06
3.35675e-06
3.35742e-06
3.35813e-06
3.3588e-06
3.35949e-06
3.36008e-06
3.36076e-06
3.36145e-06
3.36213e-06
3.36283e-06
3.36353e-06
3.36423e-06
3.36493e-06
3.36563e-06
3.36621e-06
3.36679e-06
3.36747e-06
3.36819e-06
3.3689e-06
3.36959e-06
3.37031e-06
3.37102e-06
3.37174e-06
3.37243e-06
3.37316e-06
3.37386e-06
3.37457e-06
3.3753e-06
3.376e-06
3.37674e-06
3.37744e-06
3.3783e-06
3.37902e-06
3.37974e-06
3.38048e-06
3.38119e-06
3.38193e-06
3.38264e-06
3.38337e-06
3.38412e-06
3.38483e-06
3.38558e-06
3.3863e-06
3.38704e-06
3.3878e-06
3.38852e-06
3.38927e-06
3.39e-06
3.39074e-06
3.39148e-06
3.39223e-06
3.39297e-06
3.39372e-06
3.39448e-06
3.39522e-06
3.39597e-06
3.39685e-06
3.39761e-06
3.39847e-06
3.39937e-06
3.40026e-06
3.40113e-06
3.40201e-06
3.4029e-06
3.4038e-06
3.40466e-06
3.40558e-06
3.40645e-06
3.40723e-06
3.40799e-06
3.40889e-06
3.40965e-06
3.41044e-06
3.4112e-06
3.41198e-06
3.41277e-06
3.41355e-06
3.41444e-06
3.41536e-06
3.41626e-06
3.41705e-06
3.41795e-06
3.41874e-06
3.41952e-06
3.42032e-06
3.42111e-06
3.42203e-06
3.42295e-06
3.42374e-06
3.42466e-06
3.42544e-06
3.42626e-06
3.42705e-06
3.428e-06
3.42891e-06
3.42973e-06
3.43065e-06
3.43146e-06
3.43227e-06
3.43307e-06
3.43402e-06
3.43494e-06
3.43577e-06
3.43669e-06
3.43752e-06
3.43845e-06
3.43941e-06
3.44021e-06
3.44105e-06
3.44199e-06
3.44295e-06
3.44389e-06
3.44474e-06
3.44555e-06
3.44652e-06
3.44746e-06
3.44843e-06
3.44938e-06
3.45022e-06
3.45105e-06
3.45203e-06
3.45298e-06
3.45384e-06
3.45466e-06
3.45566e-06
3.45661e-06
3.45748e-06
3.45831e-06
3.4593e-06
3.46027e-06
3.46112e-06
3.4621e-06
3.46308e-06
3.46407e-06
3.46492e-06
3.4659e-06
3.46689e-06
3.46777e-06
3.46877e-06
3.46974e-06
3.47075e-06
3.47173e-06
3.47274e-06
3.47373e-06
3.47461e-06
3.4756e-06
3.47661e-06
3.47748e-06
3.47851e-06
3.47949e-06
3.48039e-06
3.4814e-06
3.4824e-06
3.48341e-06
3.48443e-06
3.48544e-06
3.48647e-06
3.48748e-06
3.48852e-06
3.48953e-06
3.49056e-06
3.49145e-06
3.49248e-06
3.4935e-06
3.49454e-06
3.49557e-06
3.49661e-06
3.49763e-06
3.49867e-06
3.49971e-06
3.50075e-06
3.50178e-06
3.50284e-06
3.50388e-06
3.50491e-06
3.50598e-06
3.50702e-06
3.50806e-06
3.50912e-06
3.51017e-06
3.51123e-06
3.51228e-06
3.51335e-06
3.5144e-06
3.51547e-06
3.51652e-06
3.51759e-06
3.51866e-06
3.51973e-06
3.52079e-06
3.52187e-06
3.52308e-06
3.52415e-06
3.52535e-06
3.52642e-06
3.52764e-06
3.52872e-06
3.5299e-06
3.53097e-06
3.53193e-06
3.53265e-06
3.53321e-06
3.53386e-06
3.53467e-06
3.53547e-06
3.53635e-06
3.53685e-06
3.53754e-06
3.53813e-06
3.53861e-06
3.53951e-06
3.54011e-06
3.54062e-06
3.54124e-06
3.5419e-06
3.54243e-06
3.54303e-06
3.54374e-06
3.54426e-06
3.54475e-06
3.54538e-06
3.54585e-06
3.54621e-06
3.54675e-06
3.54726e-06
3.5476e-06
3.54796e-06
3.54845e-06
3.54895e-06
3.54931e-06
3.54969e-06
3.55016e-06
3.55064e-06
3.55094e-06
3.55126e-06
3.55152e-06
3.55195e-06
3.55235e-06
3.5526e-06
3.55281e-06
3.55303e-06
3.5534e-06
3.55377e-06
3.55411e-06
3.55431e-06
3.5545e-06
3.55479e-06
3.55501e-06
3.55526e-06
3.55539e-06
3.5554e-06
3.55541e-06
3.55543e-06
3.55559e-06
3.55571e-06
3.55583e-06
3.55588e-06
3.55592e-06
3.55581e-06
3.55571e-06
3.55564e-06
3.55572e-06
3.55579e-06
3.55591e-06
3.556e-06
3.55599e-06
3.55599e-06
3.55584e-06
3.55571e-06
3.55558e-06
3.55561e-06
3.5556e-06
3.55552e-06
3.55547e-06
3.55542e-06
3.55536e-06
3.5553e-06
3.55528e-06
3.55511e-06
3.55489e-06
3.55467e-06
3.55442e-06
3.55422e-06
3.55399e-06
3.55377e-06
3.55348e-06
3.55312e-06
3.55278e-06
3.55248e-06
3.55217e-06
3.55187e-06
3.55157e-06
3.55131e-06
3.55102e-06
3.55061e-06
3.55029e-06
3.54996e-06
3.54962e-06
3.54924e-06
3.54898e-06
3.54862e-06
3.54834e-06
3.54812e-06
3.54783e-06
3.54759e-06
3.54736e-06
3.54716e-06
3.54695e-06
3.54668e-06
3.54655e-06
3.54617e-06
3.54575e-06
3.54542e-06
3.54499e-06
3.54457e-06
3.54413e-06
3.54366e-06
3.5432e-06
3.54264e-06
3.54211e-06
3.54156e-06
3.54102e-06
3.54046e-06
3.53994e-06
3.53951e-06
3.53912e-06
3.53868e-06
3.53832e-06
3.53781e-06
3.53729e-06
3.53682e-06
3.53633e-06
3.53586e-06
3.53541e-06
3.53497e-06
3.53454e-06
3.53409e-06
3.53376e-06
3.53344e-06
3.53316e-06
3.53288e-06
3.5325e-06
3.53209e-06
3.53172e-06
3.5314e-06
3.531e-06
3.53065e-06
3.53045e-06
3.53027e-06
3.53013e-06
3.53001e-06
3.52976e-06
3.5295e-06
3.52929e-06
3.52908e-06
3.52901e-06
3.52892e-06
3.52889e-06
3.52883e-06
3.52877e-06
3.52858e-06
3.52843e-06
3.52826e-06
3.52823e-06
3.52822e-06
3.52822e-06
3.52826e-06
3.5283e-06
3.52822e-06
3.52815e-06
3.52809e-06
3.52818e-06
3.52829e-06
3.52836e-06
3.52849e-06
3.52857e-06
3.5286e-06
3.52862e-06
3.5287e-06
3.52888e-06
3.52905e-06
3.52926e-06
3.52948e-06
3.52972e-06
3.52982e-06
3.52994e-06
3.53022e-06
3.53045e-06
3.53076e-06
3.53103e-06
3.53128e-06
3.53155e-06
3.53173e-06
3.53187e-06
3.53217e-06
3.53247e-06
3.53278e-06
3.53315e-06
3.53345e-06
3.53386e-06
3.53425e-06
3.53449e-06
3.53492e-06
3.53535e-06
3.53574e-06
3.53616e-06
3.53647e-06
3.53682e-06
3.53747e-06
3.53795e-06
3.53829e-06
3.53886e-06
3.53937e-06
3.53936e-06
3.53935e-06
3.53935e-06
3.53935e-06
3.53929e-06
3.53938e-06
3.53943e-06
3.53959e-06
3.53961e-06
3.53963e-06
3.53973e-06
3.53983e-06
3.53995e-06
3.54005e-06
3.54015e-06
3.5403e-06
3.54041e-06
3.54072e-06
3.54098e-06
3.54113e-06
3.54129e-06
3.54142e-06
3.54156e-06
3.54174e-06
3.54194e-06
3.54196e-06
3.54224e-06
3.54257e-06
3.54286e-06
3.5432e-06
3.54352e-06
3.54375e-06
3.54404e-06
3.54416e-06
3.54457e-06
3.54485e-06
3.54516e-06
3.54535e-06
3.54565e-06
3.54613e-06
3.54641e-06
3.54693e-06
3.54726e-06
3.54771e-06
3.54804e-06
3.54831e-06
3.54852e-06
3.54898e-06
3.54934e-06
3.54965e-06
3.55012e-06
3.55061e-06
3.55105e-06
3.55168e-06
3.55195e-06
3.5524e-06
3.55273e-06
3.55316e-06
3.5535e-06
3.55389e-06
3.55425e-06
3.55457e-06
3.55491e-06
3.55544e-06
3.5557e-06
3.5561e-06
3.55637e-06
3.55679e-06
3.55713e-06
3.55755e-06
3.5579e-06
3.55834e-06
3.55864e-06
3.55903e-06
3.55946e-06
3.55979e-06
3.56026e-06
3.56062e-06
3.56099e-06
3.56135e-06
3.56162e-06
3.56202e-06
3.56239e-06
3.56268e-06
3.56333e-06
3.56393e-06
3.56439e-06
3.56499e-06
3.56566e-06
3.56617e-06
3.56669e-06
3.56708e-06
3.56778e-06
3.56839e-06
3.56892e-06
3.56954e-06
3.57014e-06
3.57064e-06
3.57131e-06
3.57186e-06
3.57234e-06
3.57283e-06
3.57345e-06
3.574e-06
3.57465e-06
3.57531e-06
3.57582e-06
3.57651e-06
3.5771e-06
3.57774e-06
3.57827e-06
3.57896e-06
3.57947e-06
3.58008e-06
3.58078e-06
3.58131e-06
3.58202e-06
3.58253e-06
3.58319e-06
3.58367e-06
3.58441e-06
3.58484e-06
3.58558e-06
3.58629e-06
3.58696e-06
3.58768e-06
3.58839e-06
3.58919e-06
3.58984e-06
3.5906e-06
3.59148e-06
3.59217e-06
3.59312e-06
3.59391e-06
3.59455e-06
3.59516e-06
3.59597e-06
3.5966e-06
3.59735e-06
3.5981e-06
3.59903e-06
3.59955e-06
3.6003e-06
3.60115e-06
3.60179e-06
3.60256e-06
3.6033e-06
3.60433e-06
3.60503e-06
3.60436e-06
3.60304e-06
3.60173e-06
3.60055e-06
3.59938e-06
3.59806e-06
3.59677e-06
3.59545e-06
3.59429e-06
3.59311e-06
3.59182e-06
3.59053e-06
3.58936e-06
3.58819e-06
3.58691e-06
3.5856e-06
3.58446e-06
3.58331e-06
3.58203e-06
3.58074e-06
3.57959e-06
3.57844e-06
3.57717e-06
3.57589e-06
3.57476e-06
3.57347e-06
3.57221e-06
3.57107e-06
3.56994e-06
3.56867e-06
3.56755e-06
3.56641e-06
3.56517e-06
3.56402e-06
3.56291e-06
3.56166e-06
3.56054e-06
3.55941e-06
3.55817e-06
3.55704e-06
3.55595e-06
3.55468e-06
3.55358e-06
3.55246e-06
3.55124e-06
3.55012e-06
3.54903e-06
3.54792e-06
3.54682e-06
3.54559e-06
3.5445e-06
3.5434e-06
3.54232e-06
3.54121e-06
3.54e-06
3.5389e-06
3.53782e-06
3.53673e-06
3.53567e-06
3.53443e-06
3.53337e-06
3.53214e-06
3.53107e-06
3.52986e-06
3.5288e-06
3.52772e-06
3.52665e-06
3.52558e-06
3.52453e-06
3.52344e-06
3.52239e-06
3.52132e-06
3.52027e-06
3.5192e-06
3.51816e-06
3.51709e-06
3.51605e-06
3.51498e-06
3.51393e-06
3.51288e-06
3.51185e-06
3.51078e-06
3.50975e-06
3.5087e-06
3.50766e-06
3.50662e-06
3.50559e-06
3.50454e-06
3.50351e-06
3.50247e-06
3.50146e-06
3.50041e-06
3.49939e-06
3.49835e-06
3.49734e-06
3.4963e-06
3.49528e-06
3.49426e-06
3.49325e-06
3.49222e-06
3.49121e-06
3.49019e-06
3.48919e-06
3.48816e-06
3.48716e-06
3.48615e-06
3.48529e-06
3.48426e-06
3.48326e-06
3.48225e-06
3.48127e-06
3.48025e-06
3.47927e-06
3.47826e-06
3.47727e-06
3.47627e-06
3.47529e-06
3.47441e-06
3.47344e-06
3.47244e-06
3.4716e-06
3.47059e-06
3.46962e-06
3.46876e-06
3.46778e-06
3.4668e-06
3.46584e-06
3.46485e-06
3.46387e-06
3.46291e-06
3.46206e-06
3.46109e-06
3.46012e-06
3.45929e-06
3.45833e-06
3.45736e-06
3.4564e-06
3.45556e-06
3.45461e-06
3.45365e-06
3.45269e-06
3.45185e-06
3.45092e-06
3.44994e-06
3.449e-06
3.44818e-06
3.44724e-06
3.44629e-06
3.44534e-06
3.44453e-06
3.44372e-06
3.44277e-06
3.44183e-06
3.4409e-06
3.44011e-06
3.43926e-06
3.43836e-06
3.43741e-06
3.4365e-06
3.43567e-06
3.43488e-06
3.43398e-06
3.43301e-06
3.43212e-06
3.4313e-06
3.43053e-06
3.42972e-06
3.42881e-06
3.4279e-06
3.42697e-06
3.4262e-06
3.4254e-06
3.42462e-06
3.42384e-06
3.42294e-06
3.42201e-06
3.42112e-06
3.42033e-06
3.41957e-06
3.41879e-06
3.418e-06
3.41712e-06
3.41623e-06
3.41531e-06
3.41443e-06
3.41368e-06
3.41288e-06
3.41212e-06
3.41138e-06
3.4106e-06
3.40983e-06
3.40908e-06
3.40821e-06
3.4073e-06
3.40644e-06
3.40557e-06
3.40478e-06
3.40403e-06
3.40332e-06
3.40254e-06
3.4018e-06
3.40105e-06
3.40032e-06
3.39956e-06
3.39884e-06
3.39806e-06
3.39734e-06
3.39658e-06
3.39587e-06
3.39499e-06
3.39415e-06
3.39327e-06
3.39255e-06
3.39169e-06
3.39098e-06
3.3901e-06
3.38938e-06
3.38866e-06
3.38793e-06
3.3872e-06
3.38647e-06
3.38577e-06
3.38506e-06
3.38433e-06
3.38362e-06
3.38288e-06
3.38217e-06
3.38146e-06
3.38077e-06
3.38003e-06
3.37934e-06
3.37861e-06
3.37792e-06
3.3772e-06
3.3765e-06
3.37579e-06
3.37511e-06
3.37438e-06
3.3737e-06
3.373e-06
3.37231e-06
3.37158e-06
3.3709e-06
3.3702e-06
3.36953e-06
3.36881e-06
3.36814e-06
3.36743e-06
3.36675e-06
3.36606e-06
3.3654e-06
3.36469e-06
3.36401e-06
3.36332e-06
3.36265e-06
3.36197e-06
3.36141e-06
3.36087e-06
3.36017e-06
3.35951e-06
3.35882e-06
3.35815e-06
3.35751e-06
3.35681e-06
3.35615e-06
3.3556e-06
3.35495e-06
3.35427e-06
3.35362e-06
3.35294e-06
3.35228e-06
3.35162e-06
3.35111e-06
3.35054e-06
3.34991e-06
3.34923e-06
3.34859e-06
3.34793e-06
3.34741e-06
3.34686e-06
3.34623e-06
3.34558e-06
3.34495e-06
3.34384e-06
3.34233e-06
3.34082e-06
3.33917e-06
3.33703e-06
3.33563e-06
3.334e-06
3.3322e-06
3.33031e-06
3.32811e-06
3.32622e-06
3.32412e-06
3.32213e-06
3.31999e-06
3.31833e-06
3.31645e-06
3.3146e-06
3.31269e-06
3.31086e-06
3.30931e-06
3.30723e-06
3.30558e-06
3.30375e-06
3.30203e-06
3.3001e-06
3.2984e-06
3.29674e-06
3.29501e-06
3.29331e-06
3.29134e-06
3.28987e-06
3.28856e-06
3.28663e-06
3.28464e-06
3.28252e-06
3.28033e-06
3.27829e-06
3.27725e-06
3.27529e-06
3.27351e-06
3.27178e-06
3.26963e-06
3.26785e-06
3.26591e-06
3.26482e-06
3.26298e-06
3.26086e-06
3.25912e-06
3.25804e-06
3.25658e-06
3.25507e-06
3.25365e-06
3.25185e-06
3.24996e-06
3.24806e-06
3.24684e-06
3.24564e-06
3.2442e-06
3.24271e-06
3.24119e-06
3.23945e-06
3.2382e-06
3.23656e-06
3.2354e-06
3.23402e-06
3.23299e-06
3.23188e-06
3.23094e-06
3.22968e-06
3.22841e-06
3.22741e-06
3.22666e-06
3.22572e-06
3.22484e-06
3.2242e-06
3.22337e-06
3.22244e-06
3.22137e-06
3.21999e-06
3.21891e-06
3.21782e-06
3.21665e-06
3.21548e-06
3.21451e-06
3.2133e-06
3.21234e-06
3.21139e-06
3.2103e-06
3.20937e-06
3.20859e-06
3.20778e-06
3.20688e-06
3.20586e-06
3.20505e-06
3.20423e-06
3.20345e-06
3.20277e-06
3.20222e-06
3.20139e-06
3.20074e-06
3.20018e-06
3.1994e-06
3.19884e-06
3.19827e-06
3.19755e-06
3.1969e-06
3.19615e-06
3.19574e-06
3.1951e-06
3.19447e-06
3.19384e-06
3.19334e-06
3.19284e-06
3.19236e-06
3.19194e-06
3.19142e-06
3.19096e-06
3.19062e-06
3.19024e-06
3.18969e-06
3.18915e-06
3.18871e-06
3.18817e-06
3.1878e-06
3.18737e-06
3.1869e-06
3.18645e-06
3.18596e-06
3.1856e-06
3.18519e-06
3.18467e-06
3.18416e-06
3.18382e-06
3.1835e-06
3.18312e-06
3.18272e-06
3.18228e-06
3.18188e-06
3.18155e-06
3.18129e-06
3.1809e-06
3.1807e-06
3.1804e-06
3.18018e-06
3.1801e-06
3.18004e-06
3.18002e-06
3.18006e-06
3.18008e-06
3.18013e-06
3.1802e-06
3.18024e-06
3.18031e-06
3.18037e-06
3.1805e-06
3.18065e-06
3.18078e-06
3.18098e-06
3.18117e-06
3.18139e-06
3.18157e-06
3.1817e-06
3.18188e-06
3.18204e-06
3.18227e-06
3.18248e-06
3.18273e-06
3.18288e-06
3.18309e-06
3.18336e-06
3.18357e-06
3.18377e-06
3.18399e-06
3.1844e-06
3.18463e-06
3.18483e-06
3.18508e-06
3.18537e-06
3.18566e-06
3.18592e-06
3.18633e-06
3.18657e-06
3.18677e-06
3.18723e-06
3.18753e-06
3.1878e-06
3.1881e-06
3.18842e-06
3.1887e-06
3.18912e-06
3.18954e-06
3.18982e-06
3.19019e-06
3.19059e-06
3.19108e-06
3.19135e-06
3.19167e-06
3.19213e-06
3.19272e-06
3.19312e-06
3.19353e-06
3.19391e-06
3.19441e-06
3.19487e-06
3.19524e-06
3.19573e-06
3.19631e-06
3.19687e-06
3.19736e-06
3.19793e-06
3.19846e-06
3.199e-06
3.19959e-06
3.20017e-06
3.20088e-06
3.20144e-06
3.20201e-06
3.2025e-06
3.2032e-06
3.20396e-06
3.2047e-06
3.20543e-06
3.2061e-06
3.20678e-06
3.20738e-06
3.20802e-06
3.20866e-06
3.20924e-06
3.20999e-06
3.21067e-06
3.21137e-06
3.21207e-06
3.21281e-06
3.21375e-06
3.21446e-06
3.21526e-06
3.21605e-06
3.21674e-06
3.21745e-06
3.21819e-06
3.2188e-06
3.21955e-06
3.22022e-06
3.22106e-06
3.22188e-06
3.22266e-06
3.22346e-06
3.22442e-06
3.22523e-06
3.22611e-06
3.227e-06
3.22779e-06
3.22873e-06
3.22953e-06
3.23047e-06
3.23117e-06
3.23208e-06
3.23288e-06
3.23381e-06
3.23464e-06
3.23564e-06
3.23639e-06
3.23727e-06
3.23807e-06
3.23894e-06
3.23997e-06
3.24079e-06
3.24098e-06
3.24081e-06
3.24063e-06
3.24033e-06
3.24019e-06
3.24e-06
3.23973e-06
3.23955e-06
3.23939e-06
3.23923e-06
3.23895e-06
3.2388e-06
3.23861e-06
3.23846e-06
3.23819e-06
3.23803e-06
3.23786e-06
3.23772e-06
3.23756e-06
3.23739e-06
3.23724e-06
3.23708e-06
3.23694e-06
3.23679e-06
3.23662e-06
3.23649e-06
3.23633e-06
3.23618e-06
3.23602e-06
3.23589e-06
3.23574e-06
3.23559e-06
3.23544e-06
3.2353e-06
3.23516e-06
3.235e-06
3.23487e-06
3.23472e-06
3.23459e-06
3.23444e-06
3.23432e-06
3.23417e-06
3.23402e-06
3.2339e-06
3.23375e-06
3.23363e-06
3.23348e-06
3.23325e-06
3.23311e-06
3.23299e-06
3.23285e-06
3.23273e-06
3.23259e-06
3.23247e-06
3.23234e-06
3.23222e-06
3.23208e-06
3.23196e-06
3.23184e-06
3.23171e-06
3.23159e-06
3.23148e-06
3.23134e-06
3.23123e-06
3.23111e-06
3.231e-06
3.23087e-06
3.23076e-06
3.23064e-06
3.23064e-06
3.23052e-06
3.2304e-06
3.23029e-06
3.23018e-06
3.23006e-06
3.23007e-06
3.22995e-06
3.22985e-06
3.22974e-06
3.22963e-06
3.22952e-06
3.22939e-06
3.22943e-06
3.22933e-06
3.2292e-06
3.22911e-06
3.229e-06
3.22891e-06
3.22879e-06
3.22883e-06
3.22872e-06
3.22862e-06
3.22852e-06
3.22843e-06
3.22835e-06
3.22822e-06
3.22814e-06
3.22817e-06
3.22806e-06
3.22798e-06
3.2279e-06
3.22779e-06
3.22772e-06
3.22762e-06
3.22754e-06
3.22744e-06
3.22748e-06
3.22749e-06
3.22741e-06
3.22732e-06
3.22723e-06
3.22717e-06
3.22708e-06
3.227e-06
3.22692e-06
3.22682e-06
3.22677e-06
3.22679e-06
3.22683e-06
3.22674e-06
3.22668e-06
3.22661e-06
3.22653e-06
3.22645e-06
3.22638e-06
3.22633e-06
3.22625e-06
3.22618e-06
3.2261e-06
3.22604e-06
3.22598e-06
3.22592e-06
3.22584e-06
3.22578e-06
3.22572e-06
3.22565e-06
3.2256e-06
3.22565e-06
3.2257e-06
3.22574e-06
3.22579e-06
3.22575e-06
3.22569e-06
3.22563e-06
3.22555e-06
3.22551e-06
3.22547e-06
3.22542e-06
3.22536e-06
3.2253e-06
3.22525e-06
3.22519e-06
3.22527e-06
3.22522e-06
3.22517e-06
3.22512e-06
3.2252e-06
3.22513e-06
3.22509e-06
3.22516e-06
3.22514e-06
3.22509e-06
3.22516e-06
3.22511e-06
3.22518e-06
3.22514e-06
3.22521e-06
3.22519e-06
3.22515e-06
3.22522e-06
3.22529e-06
3.22525e-06
3.22532e-06
3.2254e-06
3.22537e-06
3.22547e-06
3.22554e-06
3.22561e-06
3.22557e-06
3.22567e-06
3.22576e-06
3.22584e-06
3.22592e-06
3.226e-06
3.22607e-06
3.22617e-06
3.22615e-06
3.22624e-06
3.22633e-06
3.22642e-06
3.22651e-06
3.22658e-06
3.22669e-06
3.22677e-06
3.22687e-06
3.22696e-06
3.22709e-06
3.22716e-06
3.22724e-06
3.22734e-06
3.22745e-06
3.22754e-06
3.22754e-06
3.22764e-06
3.22773e-06
3.22786e-06
3.22795e-06
3.22805e-06
3.22814e-06
3.22825e-06
3.22835e-06
3.22836e-06
3.22835e-06
3.22846e-06
3.22845e-06
3.22857e-06
3.22869e-06
3.22879e-06
3.22891e-06
3.22902e-06
3.22913e-06
3.22925e-06
3.22923e-06
3.22935e-06
3.22948e-06
3.22949e-06
3.2296e-06
3.22972e-06
3.22984e-06
3.22996e-06
3.23008e-06
3.23009e-06
3.23022e-06
3.23033e-06
3.23036e-06
3.23047e-06
3.2306e-06
3.23074e-06
3.23076e-06
3.23088e-06
3.23101e-06
3.23113e-06
3.23127e-06
3.23139e-06
3.23142e-06
3.23156e-06
3.23168e-06
3.23182e-06
3.23196e-06
3.2321e-06
3.23213e-06
3.23225e-06
3.23239e-06
3.23253e-06
3.23267e-06
3.23281e-06
3.23285e-06
3.23298e-06
3.23313e-06
3.23327e-06
3.23341e-06
3.23345e-06
3.23361e-06
3.23374e-06
3.23389e-06
3.23404e-06
3.23419e-06
3.23434e-06
3.23449e-06
3.23464e-06
3.23479e-06
3.23494e-06
3.2351e-06
3.23526e-06
3.23541e-06
3.23556e-06
3.23572e-06
3.23587e-06
3.23605e-06
3.23619e-06
3.23636e-06
3.23651e-06
3.23668e-06
3.23684e-06
3.237e-06
3.23717e-06
3.23733e-06
3.2375e-06
3.23767e-06
3.23783e-06
3.238e-06
3.23816e-06
3.23834e-06
3.2385e-06
3.23867e-06
3.23885e-06
3.23902e-06
3.23919e-06
3.23936e-06
3.23954e-06
3.23971e-06
3.23988e-06
3.24006e-06
3.24024e-06
3.2404e-06
3.2406e-06
3.24078e-06
3.24095e-06
3.24113e-06
3.24132e-06
3.2415e-06
3.24168e-06
3.24188e-06
3.24205e-06
3.24224e-06
3.24242e-06
3.24263e-06
3.24292e-06
3.24311e-06
3.24331e-06
3.24349e-06
3.24366e-06
3.24387e-06
3.24407e-06
3.24438e-06
3.24457e-06
3.24477e-06
3.24496e-06
3.24514e-06
3.24535e-06
3.24556e-06
3.24587e-06
3.24607e-06
3.24626e-06
3.24657e-06
3.24675e-06
3.24698e-06
3.24718e-06
3.24739e-06
3.2476e-06
3.2478e-06
3.24799e-06
3.24821e-06
3.24843e-06
3.24864e-06
3.24885e-06
3.24904e-06
3.24927e-06
3.24949e-06
3.24981e-06
3.25002e-06
3.25022e-06
3.25057e-06
3.2508e-06
3.251e-06
3.25133e-06
3.25154e-06
3.25175e-06
3.2521e-06
3.25233e-06
3.25256e-06
3.25288e-06
3.25308e-06
3.25332e-06
3.25367e-06
3.2539e-06
3.25412e-06
3.25443e-06
3.25468e-06
3.25492e-06
3.25515e-06
3.25536e-06
3.25571e-06
3.25595e-06
3.25619e-06
3.25651e-06
3.25675e-06
3.25701e-06
3.25724e-06
3.25746e-06
3.25782e-06
3.25806e-06
3.2583e-06
3.25852e-06
3.25879e-06
3.25915e-06
3.25938e-06
3.25971e-06
3.25998e-06
3.26024e-06
3.26058e-06
3.26081e-06
3.26118e-06
3.26154e-06
3.26179e-06
3.26213e-06
3.2624e-06
3.26266e-06
3.26289e-06
3.26315e-06
3.26354e-06
3.26378e-06
3.26413e-06
3.2644e-06
3.26477e-06
3.265e-06
3.26527e-06
3.26566e-06
3.26591e-06
3.26626e-06
3.26655e-06
3.26692e-06
3.26717e-06
3.26756e-06
3.26793e-06
3.26819e-06
3.26855e-06
3.26884e-06
3.26922e-06
3.26947e-06
3.26987e-06
3.27014e-06
3.2705e-06
3.2709e-06
3.27118e-06
3.27154e-06
3.27182e-06
3.27223e-06
3.27248e-06
3.27288e-06
3.27316e-06
3.27353e-06
3.27382e-06
3.27422e-06
3.27449e-06
3.2749e-06
3.27518e-06
3.27556e-06
3.27587e-06
3.27624e-06
3.27654e-06
3.27695e-06
3.27722e-06
3.27762e-06
3.27792e-06
3.27831e-06
3.27862e-06
3.27901e-06
3.27929e-06
3.27971e-06
3.28e-06
3.28041e-06
3.28072e-06
3.2811e-06
3.28142e-06
3.28181e-06
3.28211e-06
3.28253e-06
3.28282e-06
3.28325e-06
3.28365e-06
3.28406e-06
3.28448e-06
3.28488e-06
3.2853e-06
3.28573e-06
3.28613e-06
3.28656e-06
3.28696e-06
3.28738e-06
3.28781e-06
3.28822e-06
3.28865e-06
3.28908e-06
3.28949e-06
3.28982e-06
3.29023e-06
3.29057e-06
3.29098e-06
3.2913e-06
3.29173e-06
3.29216e-06
3.2925e-06
3.29291e-06
3.29325e-06
3.29367e-06
3.29412e-06
3.29454e-06
3.29498e-06
3.29531e-06
3.29575e-06
3.29608e-06
3.29652e-06
3.29696e-06
3.29729e-06
3.29775e-06
3.29806e-06
3.2985e-06
3.29895e-06
3.2993e-06
3.29973e-06
3.30019e-06
3.30062e-06
3.30108e-06
3.30141e-06
3.30187e-06
3.30231e-06
3.30277e-06
3.30321e-06
3.30357e-06
3.30401e-06
3.30448e-06
3.30482e-06
3.30529e-06
3.30573e-06
3.30609e-06
3.30654e-06
3.30701e-06
3.30746e-06
3.30793e-06
3.30827e-06
3.30874e-06
3.30921e-06
3.30957e-06
3.31004e-06
3.3105e-06
3.31097e-06
3.31144e-06
3.31191e-06
3.31228e-06
3.31276e-06
3.31322e-06
3.31359e-06
3.31406e-06
3.31454e-06
3.31502e-06
3.31549e-06
3.31597e-06
3.31645e-06
3.31694e-06
3.31741e-06
3.31789e-06
3.31837e-06
3.31886e-06
3.31934e-06
3.31983e-06
3.32031e-06
3.3208e-06
3.3213e-06
3.32177e-06
3.32226e-06
3.32265e-06
3.32314e-06
3.32365e-06
3.32412e-06
3.32462e-06
3.32511e-06
3.32561e-06
3.32601e-06
3.32649e-06
3.32699e-06
3.32749e-06
3.32789e-06
3.32839e-06
3.32889e-06
3.32939e-06
3.32979e-06
3.3303e-06
3.3308e-06
3.33131e-06
3.33181e-06
3.33232e-06
3.33283e-06
3.33334e-06
3.33374e-06
3.33426e-06
3.33477e-06
3.33528e-06
3.3358e-06
3.33631e-06
3.33683e-06
3.33734e-06
3.33786e-06
3.33838e-06
3.3389e-06
3.33942e-06
3.33995e-06
3.34047e-06
3.34099e-06
3.34152e-06
3.34204e-06
3.34257e-06
3.3431e-06
3.34363e-06
3.34416e-06
3.34469e-06
3.34523e-06
3.34576e-06
3.34629e-06
3.34683e-06
3.34736e-06
3.3479e-06
3.34844e-06
3.34898e-06
3.34952e-06
3.35006e-06
3.3506e-06
3.35114e-06
3.35169e-06
3.35223e-06
3.35276e-06
3.35332e-06
3.35387e-06
3.35441e-06
3.35495e-06
3.35551e-06
3.35606e-06
3.35661e-06
3.35715e-06
3.35772e-06
3.35828e-06
3.35883e-06
3.35937e-06
3.35994e-06
3.3605e-06
3.36106e-06
3.36162e-06
3.36218e-06
3.36274e-06
3.36331e-06
3.36387e-06
3.36442e-06
3.365e-06
3.36557e-06
3.36613e-06
3.3667e-06
3.36725e-06
3.36784e-06
3.36842e-06
3.36909e-06
3.36967e-06
3.37022e-06
3.37082e-06
3.3714e-06
3.37197e-06
3.37255e-06
3.37313e-06
3.37371e-06
3.37429e-06
3.37488e-06
3.37546e-06
3.37615e-06
3.37672e-06
3.37732e-06
3.37791e-06
3.3785e-06
3.37909e-06
3.37968e-06
3.38027e-06
3.38085e-06
3.38146e-06
3.38206e-06
3.38265e-06
3.38325e-06
3.38385e-06
3.38444e-06
3.38504e-06
3.38563e-06
3.38623e-06
3.38685e-06
3.38745e-06
3.38805e-06
3.38866e-06
3.38927e-06
3.38987e-06
3.39048e-06
3.39109e-06
3.3917e-06
3.3923e-06
3.39291e-06
3.39353e-06
3.39416e-06
3.39477e-06
3.39538e-06
3.396e-06
3.39663e-06
3.39725e-06
3.39786e-06
3.39848e-06
3.39911e-06
3.39973e-06
3.40036e-06
3.40098e-06
3.40161e-06
3.40224e-06
3.40297e-06
3.40359e-06
3.40432e-06
3.40506e-06
3.40571e-06
3.40645e-06
3.40708e-06
3.40783e-06
3.40857e-06
3.40931e-06
3.41005e-06
3.41079e-06
3.41142e-06
3.41217e-06
3.41292e-06
3.41367e-06
3.41444e-06
3.41518e-06
3.41593e-06
3.41668e-06
3.41745e-06
3.4182e-06
3.41895e-06
3.41971e-06
3.42046e-06
3.42122e-06
3.42198e-06
3.42275e-06
3.42351e-06
3.42418e-06
3.42484e-06
3.4255e-06
3.42617e-06
3.42684e-06
3.42762e-06
3.42837e-06
3.42914e-06
3.42991e-06
3.43069e-06
3.43147e-06
3.43214e-06
3.43282e-06
3.43351e-06
3.43418e-06
3.43496e-06
3.43574e-06
3.43652e-06
3.4373e-06
3.43799e-06
3.43867e-06
3.43935e-06
3.44014e-06
3.44093e-06
3.4417e-06
3.4425e-06
3.44319e-06
3.44388e-06
3.44458e-06
3.44539e-06
3.44618e-06
3.44697e-06
3.44767e-06
3.44836e-06
3.44906e-06
3.44985e-06
3.45055e-06
3.45137e-06
3.45208e-06
3.45278e-06
3.45359e-06
3.45439e-06
3.4551e-06
3.45579e-06
3.45661e-06
3.45734e-06
3.45815e-06
3.45885e-06
3.45956e-06
3.46037e-06
3.4611e-06
3.46193e-06
3.46264e-06
3.46347e-06
3.46419e-06
3.46501e-06
3.46572e-06
3.46647e-06
3.46727e-06
3.46812e-06
3.46885e-06
3.46957e-06
3.47042e-06
3.47113e-06
3.47187e-06
3.47273e-06
3.47343e-06
3.47428e-06
3.47512e-06
3.47586e-06
3.47664e-06
3.47744e-06
3.47818e-06
3.47906e-06
3.47978e-06
3.48065e-06
3.48136e-06
3.48221e-06
3.483e-06
3.48382e-06
3.48457e-06
3.48536e-06
3.48619e-06
3.48694e-06
3.4878e-06
3.48857e-06
3.48945e-06
3.49018e-06
3.49094e-06
3.49184e-06
3.49258e-06
3.49344e-06
3.49424e-06
3.49508e-06
3.49584e-06
3.49665e-06
3.49749e-06
3.49826e-06
3.49917e-06
3.49992e-06
3.50079e-06
3.50171e-06
3.50246e-06
3.50334e-06
3.50416e-06
3.50501e-06
3.50579e-06
3.50661e-06
3.50747e-06
3.50825e-06
3.50907e-06
3.50994e-06
3.51072e-06
3.51165e-06
3.51242e-06
3.51322e-06
3.51412e-06
3.51493e-06
3.51573e-06
3.51662e-06
3.51746e-06
3.51833e-06
3.51922e-06
3.52005e-06
3.52094e-06
3.52176e-06
3.52256e-06
3.52351e-06
3.5243e-06
3.5251e-06
3.52601e-06
3.52684e-06
3.52767e-06
3.52858e-06
3.52943e-06
3.53022e-06
3.53113e-06
3.53195e-06
3.53282e-06
3.53373e-06
3.53465e-06
3.53547e-06
3.53644e-06
3.53735e-06
3.53817e-06
3.53911e-06
3.54006e-06
3.54089e-06
3.54183e-06
3.5428e-06
3.54361e-06
3.54455e-06
3.5455e-06
3.54638e-06
3.5472e-06
3.54814e-06
3.54909e-06
3.54997e-06
3.5509e-06
3.55186e-06
3.55271e-06
3.55356e-06
3.55456e-06
3.5555e-06
3.55635e-06
3.55731e-06
3.55831e-06
3.55915e-06
3.56e-06
3.56097e-06
3.56194e-06
3.56285e-06
3.5637e-06
3.56466e-06
3.56563e-06
3.56651e-06
3.56743e-06
3.56838e-06
3.56925e-06
3.57012e-06
3.5711e-06
3.57213e-06
3.573e-06
3.57398e-06
3.57496e-06
3.57585e-06
3.57685e-06
3.57789e-06
3.57874e-06
3.57962e-06
3.58051e-06
3.58151e-06
3.58256e-06
3.58344e-06
3.58432e-06
3.58522e-06
3.58622e-06
3.58723e-06
3.58826e-06
3.58921e-06
3.59007e-06
3.59107e-06
3.59208e-06
3.5931e-06
3.59402e-06
3.59499e-06
3.59601e-06
3.59698e-06
3.59799e-06
3.59901e-06
3.59994e-06
3.60088e-06
3.60193e-06
3.603e-06
3.60397e-06
3.60499e-06
3.60592e-06
3.60686e-06
3.60781e-06
3.60887e-06
3.60992e-06
3.61099e-06
3.61197e-06
3.61289e-06
3.61384e-06
3.6148e-06
3.61576e-06
3.61683e-06
3.61789e-06
3.61894e-06
3.61998e-06
3.62095e-06
3.62189e-06
3.62283e-06
3.62377e-06
3.62474e-06
3.62573e-06
3.62671e-06
3.62777e-06
3.62883e-06
3.6299e-06
3.63097e-06
3.63205e-06
3.63303e-06
3.63401e-06
3.63498e-06
3.63598e-06
3.63695e-06
3.63791e-06
3.63889e-06
3.63988e-06
3.64087e-06
3.64186e-06
3.64285e-06
3.64383e-06
3.64482e-06
3.64581e-06
3.64681e-06
3.6478e-06
3.6488e-06
3.64979e-06
3.65079e-06
3.6518e-06
3.6528e-06
3.65381e-06
3.65482e-06
3.65582e-06
3.65683e-06
3.65783e-06
3.65885e-06
3.65986e-06
3.66085e-06
3.66188e-06
3.66291e-06
3.66393e-06
3.66506e-06
3.66619e-06
3.66721e-06
3.66834e-06
3.66947e-06
3.67061e-06
3.67175e-06
3.67289e-06
3.67403e-06
3.67517e-06
3.67631e-06
3.67745e-06
3.67859e-06
3.67974e-06
3.68089e-06
3.68204e-06
3.68319e-06
3.68435e-06
3.6855e-06
3.68665e-06
3.68782e-06
3.68898e-06
3.69014e-06
3.69129e-06
3.69246e-06
3.69363e-06
3.69479e-06
3.69595e-06
3.69703e-06
3.69811e-06
3.6992e-06
3.70027e-06
3.70141e-06
3.70259e-06
3.70378e-06
3.70497e-06
3.70615e-06
3.70734e-06
3.70844e-06
3.70952e-06
3.71061e-06
3.71183e-06
3.71303e-06
3.71421e-06
3.71537e-06
3.71658e-06
3.7177e-06
3.7188e-06
3.7199e-06
3.72112e-06
3.72233e-06
3.72356e-06
3.72477e-06
3.72584e-06
3.72696e-06
3.72819e-06
3.72941e-06
3.73064e-06
3.73186e-06
3.73301e-06
3.7341e-06
3.73533e-06
3.73657e-06
3.7378e-06
3.73904e-06
3.74017e-06
3.74132e-06
3.74254e-06
3.74378e-06
3.74503e-06
3.74616e-06
3.74734e-06
3.74855e-06
3.74981e-06
3.75097e-06
3.75211e-06
3.75336e-06
3.75465e-06
3.75588e-06
3.75705e-06
3.75831e-06
3.75958e-06
3.76087e-06
3.76201e-06
3.76318e-06
3.76445e-06
3.76573e-06
3.76693e-06
3.76818e-06
3.76946e-06
3.77074e-06
3.77192e-06
3.77321e-06
3.7744e-06
3.77569e-06
3.77686e-06
3.77818e-06
3.77945e-06
3.78065e-06
3.78185e-06
3.78317e-06
3.78434e-06
3.78565e-06
3.78686e-06
3.78815e-06
3.78947e-06
3.79069e-06
3.79202e-06
3.7932e-06
3.79453e-06
3.79585e-06
3.79708e-06
3.79838e-06
3.7996e-06
3.80093e-06
3.80216e-06
3.80349e-06
3.80471e-06
3.80608e-06
3.80727e-06
3.80862e-06
3.80989e-06
3.81119e-06
3.81243e-06
3.8138e-06
3.81503e-06
3.81638e-06
3.81762e-06
3.81897e-06
3.82023e-06
3.82162e-06
3.82284e-06
3.82421e-06
3.8255e-06
3.82684e-06
3.8281e-06
3.82949e-06
3.83074e-06
3.83202e-06
3.83342e-06
3.83466e-06
3.83604e-06
3.83732e-06
3.83872e-06
3.84003e-06
3.84128e-06
3.84267e-06
3.84399e-06
3.84535e-06
3.84664e-06
3.84794e-06
3.84935e-06
3.85069e-06
3.85206e-06
3.85345e-06
3.85477e-06
3.85618e-06
3.85752e-06
3.85881e-06
3.86026e-06
3.86153e-06
3.86285e-06
3.86427e-06
3.86559e-06
3.86696e-06
3.86837e-06
3.86982e-06
3.87111e-06
3.87247e-06
3.87388e-06
3.87522e-06
3.87657e-06
3.87802e-06
3.87948e-06
3.88082e-06
3.88218e-06
3.88361e-06
3.88499e-06
3.88631e-06
3.88769e-06
3.88913e-06
3.89052e-06
3.89186e-06
3.89324e-06
3.89469e-06
3.89619e-06
3.89754e-06
3.89896e-06
3.90029e-06
3.9018e-06
3.90325e-06
3.90467e-06
3.90602e-06
3.90744e-06
3.9088e-06
3.9103e-06
3.91182e-06
3.91321e-06
3.91461e-06
3.916e-06
3.91743e-06
3.9189e-06
3.92045e-06
3.92194e-06
3.92339e-06
3.92477e-06
3.92618e-06
3.92763e-06
3.92902e-06
3.93046e-06
3.93185e-06
3.93339e-06
3.93494e-06
3.93648e-06
3.93794e-06
3.93935e-06
3.94079e-06
3.94223e-06
3.94367e-06
3.94513e-06
3.94655e-06
3.948e-06
3.9495e-06
3.95093e-06
3.95237e-06
3.95386e-06
3.95531e-06
3.95675e-06
3.95824e-06
3.95969e-06
3.96117e-06
3.96267e-06
3.96409e-06
3.96569e-06
3.96722e-06
3.96877e-06
3.97037e-06
3.97194e-06
3.97354e-06
3.97517e-06
3.97675e-06
3.97834e-06
3.97988e-06
3.98137e-06
3.98286e-06
3.98439e-06
3.98591e-06
3.98747e-06
3.9891e-06
3.99068e-06
3.99216e-06
3.99366e-06
3.99523e-06
3.99675e-06
3.99822e-06
3.99977e-06
4.00136e-06
4.00298e-06
4.00459e-06
4.00615e-06
4.00773e-06
4.00927e-06
4.01077e-06
4.01234e-06
4.01391e-06
4.01548e-06
4.01701e-06
4.01858e-06
4.02014e-06
4.02172e-06
4.02331e-06
4.02483e-06
4.02642e-06
4.02801e-06
4.02958e-06
4.03118e-06
4.03276e-06
4.03432e-06
4.0359e-06
4.03751e-06
4.03914e-06
4.04071e-06
4.0423e-06
4.04388e-06
4.04551e-06
4.04712e-06
4.04871e-06
4.05036e-06
4.05197e-06
4.05358e-06
4.0552e-06
4.05691e-06
4.05865e-06
4.06037e-06
4.06206e-06
4.06368e-06
4.0653e-06
4.06693e-06
4.06856e-06
4.0702e-06
4.07186e-06
4.07352e-06
4.07519e-06
4.07682e-06
4.07847e-06
4.08016e-06
4.08184e-06
4.08348e-06
4.08516e-06
4.08682e-06
4.08848e-06
4.09018e-06
4.09187e-06
4.09355e-06
4.09522e-06
4.09692e-06
4.09857e-06
4.10028e-06
4.102e-06
4.1037e-06
4.1054e-06
4.10712e-06
4.10882e-06
4.11053e-06
4.11225e-06
4.11396e-06
4.11568e-06
4.11739e-06
4.11912e-06
4.12089e-06
4.1226e-06
4.12435e-06
4.12607e-06
4.12781e-06
4.12955e-06
4.13131e-06
4.13304e-06
4.1348e-06
4.13654e-06
4.13831e-06
4.14004e-06
4.14183e-06
4.14359e-06
4.14536e-06
4.14712e-06
4.14891e-06
4.15071e-06
4.15249e-06
4.15424e-06
4.15603e-06
4.15784e-06
4.1596e-06
4.1614e-06
4.16321e-06
4.16487e-06
4.16672e-06
4.1685e-06
4.17033e-06
4.17211e-06
4.17382e-06
4.17563e-06
4.17751e-06
4.17931e-06
4.18114e-06
4.18292e-06
4.18477e-06
4.18651e-06
4.18837e-06
4.1901e-06
4.19192e-06
4.19368e-06
4.19554e-06
4.19729e-06
4.19912e-06
4.20087e-06
4.20276e-06
4.20451e-06
4.20639e-06
4.20813e-06
4.20998e-06
4.21049e-06
4.21094e-06
4.21114e-06
4.21128e-06
4.21168e-06
4.2119e-06
4.21202e-06
4.21228e-06
4.21239e-06
4.21274e-06
4.21302e-06
4.21323e-06
4.21331e-06
4.21375e-06
4.21403e-06
4.21413e-06
4.21446e-06
4.21472e-06
4.21489e-06
4.21538e-06
4.21567e-06
4.216e-06
4.21637e-06
4.21675e-06
4.21706e-06
4.21762e-06
4.21791e-06
4.21841e-06
4.21882e-06
4.21926e-06
4.21978e-06
4.2203e-06
4.22075e-06
4.22112e-06
4.22186e-06
4.22209e-06
4.22278e-06
4.22311e-06
4.22346e-06
4.2242e-06
4.22443e-06
4.22509e-06
4.22583e-06
4.22607e-06
4.22668e-06
4.22709e-06
4.22742e-06
4.22806e-06
4.22854e-06
4.22894e-06
4.22945e-06
4.23026e-06
4.2306e-06
4.23112e-06
4.23189e-06
4.23253e-06
4.2329e-06
4.23374e-06
4.23455e-06
4.23527e-06
4.23602e-06
4.23655e-06
4.23732e-06
4.23815e-06
4.2391e-06
4.23999e-06
4.2409e-06
4.24179e-06
4.24268e-06
4.24361e-06
4.24451e-06
4.24543e-06
4.24632e-06
4.24736e-06
4.24835e-06
4.24953e-06
4.25055e-06
4.25164e-06
4.25279e-06
4.25395e-06
4.25507e-06
4.25625e-06
4.2575e-06
4.25884e-06
4.26003e-06
4.26124e-06
4.26252e-06
4.26369e-06
4.26488e-06
4.26612e-06
4.26742e-06
4.26887e-06
4.2702e-06
4.27151e-06
4.27287e-06
4.27416e-06
4.27542e-06
4.27673e-06
4.27804e-06
4.27935e-06
4.28071e-06
4.28212e-06
4.28347e-06
4.28493e-06
4.28634e-06
4.28778e-06
4.28929e-06
4.2908e-06
4.29236e-06
4.29384e-06
4.29547e-06
4.29717e-06
4.29893e-06
4.30076e-06
4.3026e-06
4.30439e-06
4.30641e-06
4.30842e-06
4.31045e-06
4.31246e-06
4.31439e-06
4.31621e-06
4.31863e-06
4.32084e-06
4.32285e-06
4.32512e-06
4.32725e-06
4.32949e-06
4.33162e-06
4.33382e-06
4.33607e-06
4.33808e-06
4.34014e-06
4.34238e-06
4.34478e-06
4.34684e-06
4.34901e-06
4.35161e-06
4.35382e-06
4.35611e-06
4.35821e-06
4.36036e-06
4.3624e-06
4.36493e-06
4.36735e-06
4.36941e-06
4.37173e-06
4.37418e-06
4.37599e-06
4.37844e-06
4.38054e-06
4.38309e-06
4.38553e-06
4.3879e-06
4.39009e-06
4.39246e-06
4.39461e-06
4.39684e-06
4.39943e-06
4.40158e-06
4.40386e-06
4.40621e-06
4.4086e-06
4.41068e-06
4.41309e-06
4.41541e-06
4.41784e-06
4.42018e-06
4.42249e-06
4.42493e-06
4.42737e-06
4.4297e-06
4.43228e-06
4.43444e-06
4.4369e-06
4.43969e-06
4.44223e-06
4.44479e-06
4.44743e-06
4.4498e-06
4.45258e-06
4.4552e-06
4.45779e-06
4.46028e-06
4.46274e-06
4.46547e-06
4.46762e-06
4.4702e-06
4.47311e-06
4.47573e-06
4.47835e-06
4.48082e-06
4.48308e-06
4.48608e-06
4.48869e-06
4.49153e-06
4.49398e-06
4.49661e-06
4.4992e-06
4.50162e-06
4.5045e-06
4.50695e-06
4.50982e-06
4.51211e-06
4.51493e-06
4.51793e-06
4.52042e-06
4.52326e-06
4.52544e-06
4.52762e-06
4.53071e-06
4.5336e-06
4.53615e-06
4.53899e-06
4.54155e-06
4.5443e-06
4.54716e-06
4.55026e-06
4.55254e-06
4.55509e-06
4.55824e-06
4.56062e-06
4.56338e-06
4.56632e-06
4.56887e-06
4.57176e-06
4.57455e-06
4.57709e-06
4.58004e-06
4.58286e-06
4.58539e-06
4.5885e-06
4.59096e-06
4.59371e-06
4.59675e-06
4.59963e-06
4.60244e-06
4.60501e-06
4.6077e-06
4.61055e-06
4.61363e-06
4.61633e-06
4.6189e-06
4.62186e-06
4.62479e-06
4.62747e-06
4.63024e-06
4.63332e-06
4.63585e-06
4.63904e-06
4.6419e-06
4.64437e-06
4.64728e-06
4.65039e-06
4.65289e-06
4.65625e-06
4.65885e-06
4.66171e-06
4.66493e-06
4.66759e-06
4.67041e-06
4.67326e-06
4.6763e-06
4.6791e-06
4.68214e-06
4.68521e-06
4.68792e-06
4.6908e-06
4.69403e-06
4.69698e-06
4.69983e-06
4.70288e-06
4.70573e-06
4.70861e-06
4.71185e-06
4.71474e-06
4.71774e-06
4.72053e-06
4.72343e-06
4.72686e-06
4.72973e-06
4.73285e-06
4.73583e-06
4.73856e-06
4.74152e-06
4.74501e-06
4.74785e-06
4.75105e-06
4.75387e-06
4.75698e-06
4.76002e-06
4.76324e-06
4.76625e-06
4.76916e-06
4.77224e-06
4.77513e-06
4.7783e-06
4.78094e-06
4.7844e-06
4.78731e-06
4.79031e-06
4.79355e-06
4.79604e-06
4.79908e-06
4.80236e-06
4.80517e-06
4.80843e-06
4.81154e-06
4.8142e-06
4.81717e-06
4.82042e-06
4.82333e-06
4.8262e-06
4.8295e-06
4.83269e-06
4.83545e-06
4.83804e-06
4.84128e-06
4.84443e-06
4.8474e-06
4.85041e-06
4.85325e-06
4.85623e-06
4.85938e-06
4.86243e-06
4.86554e-06
4.8687e-06
4.87138e-06
4.87419e-06
4.8774e-06
4.88051e-06
4.88348e-06
4.88662e-06
4.88956e-06
4.89256e-06
4.89562e-06
4.89847e-06
4.90162e-06
4.90489e-06
4.90744e-06
4.91107e-06
4.91368e-06
4.91632e-06
4.92013e-06
4.92261e-06
4.92559e-06
4.92884e-06
4.93199e-06
4.93487e-06
4.938e-06
4.93985e-06
4.9433e-06
4.9469e-06
4.94945e-06
4.95249e-06
4.95557e-06
4.95864e-06
4.96216e-06
4.9652e-06
4.96773e-06
4.97081e-06
4.97394e-06
4.97741e-06
4.98031e-06
4.98321e-06
4.98571e-06
4.98889e-06
4.992e-06
4.99549e-06
4.99843e-06
5.00059e-06
5.00354e-06
5.00669e-06
5.01023e-06
5.01328e-06
5.0162e-06
5.01904e-06
5.02193e-06
5.02491e-06
5.02815e-06
5.03122e-06
5.03428e-06
5.03714e-06
5.03964e-06
5.04243e-06
5.04581e-06
5.04935e-06
5.0524e-06
5.05475e-06
5.05748e-06
5.06076e-06
5.06347e-06
5.06779e-06
5.07069e-06
5.07277e-06
5.07643e-06
5.0788e-06
5.08186e-06
5.08522e-06
5.08807e-06
5.09094e-06
5.09441e-06
5.09768e-06
5.10089e-06
5.10331e-06
5.10636e-06
5.10931e-06
5.11144e-06
5.11431e-06
5.11723e-06
5.12069e-06
5.12402e-06
5.12618e-06
5.12803e-06
5.13222e-06
5.1342e-06
5.1389e-06
5.14192e-06
5.14582e-06
5.1481e-06
5.15035e-06
5.15412e-06
5.15717e-06
5.15997e-06
5.16305e-06
5.16574e-06
5.16829e-06
5.17149e-06
5.17454e-06
5.17752e-06
5.18036e-06
5.18363e-06
5.18589e-06
5.18857e-06
5.19146e-06
5.19456e-06
5.197e-06
5.20077e-06
5.20367e-06
5.20521e-06
5.20917e-06
5.21235e-06
5.21489e-06
5.21856e-06
5.22092e-06
5.22331e-06
5.22567e-06
5.22928e-06
5.23221e-06
5.23509e-06
5.23856e-06
5.24145e-06
5.24351e-06
5.24674e-06
5.2499e-06
5.25227e-06
5.25569e-06
5.25831e-06
5.26045e-06
5.26189e-06
5.26623e-06
5.26868e-06
5.27231e-06
5.2747e-06
5.27764e-06
5.28086e-06
5.28329e-06
5.28502e-06
5.28889e-06
5.29203e-06
5.29457e-06
5.29827e-06
5.30005e-06
5.30361e-06
5.30676e-06
5.30985e-06
5.31212e-06
5.3153e-06
5.3184e-06
5.32073e-06
5.32329e-06
5.32671e-06
5.32992e-06
5.333e-06
5.3358e-06
5.33856e-06
5.34096e-06
5.34356e-06
5.34597e-06
5.34823e-06
5.35038e-06
5.35204e-06
5.35632e-06
5.35793e-06
5.35979e-06
5.36331e-06
5.36704e-06
5.3698e-06
5.37228e-06
5.37496e-06
5.37744e-06
5.37959e-06
5.38244e-06
5.38507e-06
5.38723e-06
5.39019e-06
5.39257e-06
5.39558e-06
5.39865e-06
5.40062e-06
5.40341e-06
5.40616e-06
5.40883e-06
5.41141e-06
5.41355e-06
5.41567e-06
5.41749e-06
5.41858e-06
5.42018e-06
5.42612e-06
5.42882e-06
5.43109e-06
5.43408e-06
5.43681e-06
5.43859e-06
5.44145e-06
5.44329e-06
5.44635e-06
5.44932e-06
5.4515e-06
5.45376e-06
5.45558e-06
5.45633e-06
5.457e-06
5.45786e-06
5.46479e-06
5.4671e-06
5.46824e-06
5.46925e-06
5.47358e-06
5.47614e-06
5.47834e-06
5.48077e-06
5.48341e-06
5.48583e-06
5.48837e-06
5.49032e-06
5.49265e-06
5.49521e-06
5.49731e-06
5.49899e-06
5.50211e-06
5.50474e-06
5.50714e-06
5.50864e-06
5.50963e-06
5.51267e-06
5.51528e-06
5.5177e-06
5.51962e-06
5.52139e-06
5.5227e-06
5.52284e-06
5.52589e-06
5.52693e-06
5.52832e-06
5.52895e-06
5.52986e-06
5.53147e-06
5.53213e-06
5.53278e-06
5.53427e-06
5.53483e-06
5.53503e-06
5.53695e-06
5.53818e-06
5.53933e-06
5.53973e-06
5.53943e-06
5.53892e-06
5.54007e-06
5.54167e-06
5.54486e-06
5.5458e-06
5.54691e-06
5.54791e-06
5.54897e-06
5.54954e-06
5.55071e-06
5.55179e-06
5.55262e-06
5.55288e-06
5.55354e-06
5.55528e-06
5.55599e-06
5.5572e-06
5.55843e-06
5.55931e-06
5.55728e-06
5.55434e-06
5.55149e-06
5.5484e-06
5.5452e-06
5.54179e-06
5.53872e-06
5.53571e-06
5.53283e-06
5.53018e-06
5.52768e-06
5.52465e-06
5.52153e-06
5.51864e-06
5.5157e-06
5.51269e-06
5.50953e-06
5.50641e-06
5.50326e-06
5.49996e-06
5.49653e-06
5.4933e-06
5.49027e-06
5.48728e-06
5.48449e-06
5.48137e-06
5.47828e-06
5.47515e-06
5.47203e-06
5.46924e-06
5.46642e-06
5.46374e-06
5.461e-06
5.45823e-06
5.45551e-06
5.45272e-06
5.45019e-06
5.44729e-06
5.44425e-06
5.44114e-06
5.43862e-06
5.43602e-06
5.43266e-06
5.4294e-06
5.42613e-06
5.42318e-06
5.42023e-06
5.41768e-06
5.4146e-06
5.41162e-06
5.40902e-06
5.40638e-06
5.40341e-06
5.40018e-06
5.39686e-06
5.39344e-06
5.3907e-06
5.38814e-06
5.38513e-06
5.38252e-06
5.37925e-06
5.37582e-06
5.37248e-06
5.36957e-06
5.36676e-06
5.36381e-06
5.36021e-06
5.35655e-06
5.35293e-06
5.34919e-06
5.34558e-06
5.34221e-06
5.33893e-06
5.33568e-06
5.33252e-06
5.32928e-06
5.32587e-06
5.32277e-06
5.31951e-06
5.31613e-06
5.31284e-06
5.3095e-06
5.30605e-06
5.30256e-06
5.29859e-06
5.29472e-06
5.29126e-06
5.28738e-06
5.28366e-06
5.28019e-06
5.27701e-06
5.27399e-06
5.2708e-06
5.2675e-06
5.2645e-06
5.26054e-06
5.25674e-06
5.25297e-06
5.24893e-06
5.24539e-06
5.24191e-06
5.23819e-06
5.23465e-06
5.23101e-06
5.22737e-06
5.2241e-06
5.22111e-06
5.21801e-06
5.21511e-06
5.21259e-06
5.21021e-06
5.20765e-06
5.20393e-06
5.20033e-06
5.19683e-06
5.19373e-06
5.19066e-06
5.18774e-06
5.18473e-06
5.18125e-06
5.17761e-06
5.17394e-06
5.17083e-06
5.16752e-06
5.16466e-06
5.16168e-06
5.15897e-06
5.15622e-06
5.15371e-06
5.15078e-06
5.1475e-06
5.14478e-06
5.14202e-06
5.13842e-06
5.13464e-06
5.13092e-06
5.12776e-06
5.12453e-06
5.12183e-06
5.1192e-06
5.11633e-06
5.11289e-06
5.10949e-06
5.10629e-06
5.10313e-06
5.10024e-06
5.09765e-06
5.09506e-06
5.09253e-06
5.08993e-06
5.08696e-06
5.08397e-06
5.08095e-06
5.07781e-06
5.07481e-06
5.07167e-06
5.0687e-06
5.0657e-06
5.06262e-06
5.05964e-06
5.05656e-06
5.05358e-06
5.05051e-06
5.04756e-06
5.0445e-06
5.04156e-06
5.03851e-06
5.03558e-06
5.03253e-06
5.02914e-06
5.0263e-06
5.02279e-06
5.01926e-06
5.01596e-06
5.0128e-06
5.00983e-06
5.00695e-06
5.00447e-06
5.00182e-06
4.99926e-06
4.99673e-06
4.99388e-06
4.99094e-06
4.98809e-06
4.98517e-06
4.98223e-06
4.9793e-06
4.97636e-06
4.97345e-06
4.9705e-06
4.9676e-06
4.96467e-06
4.96161e-06
4.95877e-06
4.95571e-06
4.95306e-06
4.95021e-06
4.94722e-06
4.94446e-06
4.94162e-06
4.93877e-06
4.93594e-06
4.93307e-06
4.93022e-06
4.92738e-06
4.92456e-06
4.92173e-06
4.91893e-06
4.91611e-06
4.91331e-06
4.9105e-06
4.90757e-06
4.90481e-06
4.90201e-06
4.89923e-06
4.89608e-06
4.89279e-06
4.88995e-06
4.88711e-06
4.88446e-06
4.88168e-06
4.87912e-06
4.87652e-06
4.87368e-06
4.87106e-06
4.8683e-06
4.86566e-06
4.86285e-06
4.86013e-06
4.85734e-06
4.85462e-06
4.85191e-06
4.84912e-06
4.8461e-06
4.84313e-06
4.84027e-06
4.83756e-06
4.83484e-06
4.83196e-06
4.82965e-06
4.82705e-06
4.82435e-06
4.82178e-06
4.81925e-06
4.81616e-06
4.8137e-06
4.81105e-06
4.80842e-06
4.8057e-06
4.80281e-06
4.80055e-06
4.79805e-06
4.79534e-06
4.79267e-06
4.78999e-06
4.78732e-06
4.78458e-06
4.78155e-06
4.77888e-06
4.77614e-06
4.77327e-06
4.77064e-06
4.76794e-06
4.76555e-06
4.76272e-06
4.76033e-06
4.75778e-06
4.7553e-06
4.75281e-06
4.75022e-06
4.7477e-06
4.74514e-06
4.74252e-06
4.73991e-06
4.73737e-06
4.73478e-06
4.73218e-06
4.72963e-06
4.72705e-06
4.72449e-06
4.72197e-06
4.71937e-06
4.71686e-06
4.71428e-06
4.71178e-06
4.70919e-06
4.70668e-06
4.70412e-06
4.7016e-06
4.6991e-06
4.69655e-06
4.69408e-06
4.69155e-06
4.68909e-06
4.68643e-06
4.684e-06
4.68146e-06
4.67902e-06
4.67649e-06
4.67405e-06
4.67145e-06
4.669e-06
4.66653e-06
4.66407e-06
4.66162e-06
4.65907e-06
4.65664e-06
4.65421e-06
4.65176e-06
4.64923e-06
4.64682e-06
4.64441e-06
4.64191e-06
4.63947e-06
4.63706e-06
4.63455e-06
4.63211e-06
4.62974e-06
4.62726e-06
4.62486e-06
4.6225e-06
4.61999e-06
4.6176e-06
4.61516e-06
4.61281e-06
4.6104e-06
4.60778e-06
4.60558e-06
4.60301e-06
4.60072e-06
4.59818e-06
4.59606e-06
4.59367e-06
4.5913e-06
4.58889e-06
4.58659e-06
4.58418e-06
4.58172e-06
4.57913e-06
4.57686e-06
4.57476e-06
4.57239e-06
4.56999e-06
4.56738e-06
4.56503e-06
4.56291e-06
4.56069e-06
4.55822e-06
4.5558e-06
4.55333e-06
4.551e-06
4.54885e-06
4.54679e-06
4.54449e-06
4.54215e-06
4.53995e-06
4.53759e-06
4.53526e-06
4.53292e-06
4.5307e-06
4.5284e-06
4.52609e-06
4.52377e-06
4.52147e-06
4.5193e-06
4.51702e-06
4.51473e-06
4.51241e-06
4.51014e-06
4.50784e-06
4.50559e-06
4.50331e-06
4.50117e-06
4.4989e-06
4.49665e-06
4.49437e-06
4.49211e-06
4.48987e-06
