4.09677e-005
4.0765e-005
4.05642e-005
4.03649e-005
4.01682e-005
3.99726e-005
3.97798e-005
3.95875e-005
3.9399e-005
3.92099e-005
3.90252e-005
3.88396e-005
3.8659e-005
3.84777e-005
3.82984e-005
3.81224e-005
3.79468e-005
3.7774e-005
3.76019e-005
3.74326e-005
3.72638e-005
3.70984e-005
3.69322e-005
3.67706e-005
3.66073e-005
3.64495e-005
3.6289e-005
3.61351e-005
3.59784e-005
3.58249e-005
3.56729e-005
3.55234e-005
3.53742e-005
3.52271e-005
3.5081e-005
3.49375e-005
3.47937e-005
3.46538e-005
3.45126e-005
3.43755e-005
3.42366e-005
3.41031e-005
3.39664e-005
3.3836e-005
3.37032e-005
3.35728e-005
3.34429e-005
3.33174e-005
3.31897e-005
3.3066e-005
3.294e-005
3.28198e-005
3.26973e-005
3.25779e-005
3.24576e-005
3.23416e-005
3.22234e-005
3.21103e-005
3.19946e-005
3.18833e-005
3.17696e-005
3.16599e-005
3.15488e-005
3.14419e-005
3.1333e-005
3.12287e-005
3.11219e-005
3.10189e-005
3.09138e-005
3.08134e-005
3.07111e-005
3.06122e-005
3.05112e-005
3.04137e-005
3.03179e-005
3.02203e-005
3.0125e-005
3.00315e-005
2.99369e-005
2.98452e-005
2.97526e-005
2.96637e-005
2.95739e-005
2.94836e-005
2.93969e-005
2.9309e-005
2.92233e-005
2.91364e-005
2.9053e-005
2.89686e-005
2.88868e-005
2.88035e-005
2.87232e-005
2.8642e-005
2.85623e-005
2.84847e-005
2.84053e-005
2.8328e-005
2.82524e-005
2.81763e-005
2.81013e-005
2.80261e-005
2.79532e-005
2.78798e-005
2.78087e-005
2.77371e-005
2.76662e-005
2.75958e-005
2.75266e-005
2.74585e-005
2.73904e-005
2.73238e-005
2.72561e-005
2.71907e-005
2.71252e-005
2.70613e-005
2.69968e-005
2.69339e-005
2.68711e-005
2.68095e-005
2.67477e-005
2.66873e-005
2.66269e-005
2.65679e-005
2.65085e-005
2.64505e-005
2.63928e-005
2.63358e-005
2.62792e-005
2.62233e-005
2.6168e-005
2.61133e-005
2.60592e-005
2.60055e-005
2.59526e-005
2.59e-005
2.58483e-005
2.57969e-005
2.57461e-005
2.5696e-005
2.56462e-005
2.5597e-005
2.55484e-005
2.55003e-005
2.54527e-005
2.54057e-005
2.53592e-005
2.53133e-005
2.52678e-005
2.52228e-005
2.51784e-005
2.51345e-005
2.5091e-005
2.50479e-005
2.50055e-005
2.49635e-005
2.49222e-005
2.48814e-005
2.4841e-005
2.4801e-005
2.47616e-005
2.47226e-005
2.4684e-005
2.4646e-005
2.46085e-005
2.45714e-005
2.45348e-005
2.44986e-005
2.44629e-005
2.44276e-005
2.43928e-005
2.43587e-005
2.43245e-005
2.4291e-005
2.42584e-005
2.42256e-005
2.41939e-005
2.4162e-005
2.41312e-005
2.41001e-005
2.40702e-005
2.40401e-005
2.4011e-005
2.39818e-005
2.39537e-005
2.39255e-005
2.38981e-005
2.38707e-005
2.38442e-005
2.38177e-005
2.37919e-005
2.37664e-005
2.37415e-005
2.37169e-005
2.36927e-005
2.36689e-005
2.36456e-005
2.36228e-005
2.36003e-005
2.35782e-005
2.35566e-005
2.35353e-005
2.35145e-005
2.34942e-005
2.34743e-005
2.34547e-005
2.34357e-005
2.34169e-005
2.33988e-005
2.3381e-005
2.33636e-005
2.33465e-005
2.33299e-005
2.33139e-005
2.32983e-005
2.32827e-005
2.3268e-005
2.32534e-005
2.32397e-005
2.3226e-005
2.32136e-005
2.32008e-005
2.31889e-005
2.31769e-005
2.31657e-005
2.31544e-005
2.31447e-005
2.31345e-005
2.31269e-005
2.3118e-005
2.31114e-005
2.31033e-005
2.30973e-005
2.30899e-005
2.30853e-005
2.30785e-005
2.30732e-005
2.30681e-005
2.30625e-005
2.30582e-005
2.30536e-005
2.30491e-005
2.30448e-005
2.30422e-005
2.30395e-005
2.3037e-005
2.30352e-005
2.30337e-005
2.30327e-005
2.30322e-005
2.3032e-005
2.30324e-005
2.30331e-005
2.30345e-005
2.30364e-005
2.30387e-005
2.30414e-005
2.30444e-005
2.30482e-005
2.30524e-005
2.30568e-005
2.30624e-005
2.30682e-005
2.30747e-005
2.30815e-005
2.30887e-005
2.30965e-005
2.31046e-005
2.31135e-005
2.31229e-005
2.31326e-005
2.31427e-005
2.31532e-005
2.31647e-005
2.3177e-005
2.31894e-005
2.32022e-005
2.32159e-005
2.32301e-005
2.32445e-005
2.32603e-005
2.32757e-005
2.32918e-005
2.33087e-005
2.33262e-005
2.33443e-005
2.33625e-005
2.33823e-005
2.34017e-005
2.3422e-005
2.34429e-005
2.34647e-005
2.34864e-005
2.35097e-005
2.35326e-005
2.35568e-005
2.35812e-005
2.36068e-005
2.36325e-005
2.36593e-005
2.36861e-005
2.37145e-005
2.37423e-005
2.37719e-005
2.38015e-005
2.38322e-005
2.38629e-005
2.3895e-005
2.39275e-005
2.39607e-005
2.39945e-005
2.40294e-005
2.40648e-005
2.4101e-005
2.41377e-005
2.41754e-005
2.42136e-005
2.4253e-005
2.42926e-005
2.43335e-005
2.43745e-005
2.4417e-005
2.44597e-005
2.45035e-005
2.45481e-005
2.45935e-005
2.464e-005
2.46871e-005
2.47352e-005
2.4784e-005
2.48338e-005
2.48843e-005
2.4936e-005
2.49884e-005
2.50419e-005
2.50961e-005
2.51515e-005
2.52076e-005
2.52598e-005
2.5292e-005
2.53191e-005
2.53408e-005
2.53653e-005
2.538e-005
2.53895e-005
2.53936e-005
2.53944e-005
2.53915e-005
2.53861e-005
2.53829e-005
2.53714e-005
2.53525e-005
2.53378e-005
2.53233e-005
2.53105e-005
2.53008e-005
2.52928e-005
2.52876e-005
2.52864e-005
2.52884e-005
2.52925e-005
2.53025e-005
2.53143e-005
2.53303e-005
2.53476e-005
2.53736e-005
2.53972e-005
2.54214e-005
2.54168e-005
