77687.2
77949.2
78148.4
78465.3
78672.1
79007.4
79190.3
79541.7
79725.1
80056.5
80231.8
80585.7
80843.5
81056.6
81329.5
81559.2
81828.1
82050.9
82323.4
82550.1
82850.2
83052.9
83351.3
83538.8
83846.3
84014.2
84336
84567.3
84790.7
84999.4
85249.1
85474.6
85712.1
85929.3
86182
86374.9
86643.5
86843.5
87107.1
87281.7
87553.7
87713.2
87989.1
88204.6
88407.3
88567.5
88820.8
89008.8
89257
89409.6
89659.1
89856.4
90073
90226.9
90448.4
90595.9
90829.7
90998.9
91230.7
91390.7
91590.5
91732.6
91934.6
92079.9
92303
92463.9
92665.2
92792.9
92990.5
93142.7
93343.1
93473.9
93624
93828.3
93978
94122.3
94294.9
94421
94572.7
94684.4
94860.9
95032.3
95153.1
95318.9
95450.1
95602.9
95705.2
95849.1
95967.9
96123
96232.8
96373.1
96478.5
96584
96732.8
96837.8
96938.7
97074.3
97196.1
97316.7
97401.4
97510.2
97595.6
97718.7
97827.8
97933
98019.4
98104.1
98200.4
98289.2
98398.4
98469.1
98560.1
98632.6
98729.3
98798.8
98878.1
98954.4
99037.7
99103
99176.7
99239
99316.2
99369.4
99433.8
99496.2
99558.3
99616.6
99673.6
99727.3
99779.4
99829.8
99877.2
99927.3
99969.1
100017
100056
100097
100136
100172
100206
100239
100272
100300
100329
100356
100381
100404
100424
100444
100462
100477
100484
100489
100494
100500
100507
100513
100518
100521
100522
100521
100519
100518
100515
100511
100504
100494
100483
100470
100466
100448
100426
100413
100389
100376
100347
100331
100299
100280
100244
100222
100184
100158
100122
100092
100053
100019
99979.3
99940.8
99900.4
99857.7
99813.4
99767.7
99719.8
99670.2
99619.2
99567.9
99514.4
99460.8
99405.2
99348
99289.6
99230.7
99169.5
99109.5
99046.6
98984.7
98920.5
98856.8
98787.8
98715.7
98643.5
98575.2
98496.6
98426.5
98346.6
98281.9
98213.1
98177.9
98140.9
98116.8
98093.5
98082.3
98060.5
98087.6
98112.7
98240.5
98389.8
98647.2
98927
99306.7
99705.1
100234
100765
101352
101983
102609
103276
103944
104598
105225
105888
106561
107224
107890
108549
109213
109873
110526
111168
111797
112423
113048
113669
114276
114864
115444
116014
116551
117101
117656
118213
118771
119321
119863
120392
120920
121448
121962
122455
122918
123379
123859
124328
124768
125210
125646
126060
126504
126917
127305
127685
128059
128429
128769
129152
129496
129823
130130
130466
130751
131072
131342
131622
131873
132141
132378
132638
132849
133101
133280
133493
133669
133869
134022
134194
134347
134495
134628
134762
134878
134999
135094
135198
135267
135353
135398
135467
135486
135538
135552
135567
135572
135561
135548
135521
135496
135452
135409
135346
135285
135207
135138
135053
134976
134885
134797
134698
134602
134492
134388
134261
134145
134001
133876
133706
133580
133345
133248
132953
132773
132583
132450
132168
131954
131703
131573
131266
131028
130762
130534
130245
130017
129723
129562
129176
128945
128609
